Date,Open,High,Low,Close,Adj Close,Volume,LogRet_AdjClose
1991-12-13,0.53125,0.59375,0.5234375,0.5625,0.3795574903488159,143667200,
1991-12-16,0.5625,0.578125,0.5390625,0.5546875,0.3742859661579132,22585600,-0.013985954441883405
1991-12-17,0.578125,0.578125,0.546875,0.5546875,0.3742859661579132,16176000,0.0
1991-12-18,0.5546875,0.5703125,0.5546875,0.5703125,0.3848291039466858,10899200,0.027779229247939297
1991-12-19,0.5703125,0.5703125,0.546875,0.546875,0.3690144121646881,7299200,-0.04196364925384475
1991-12-20,0.546875,0.5703125,0.546875,0.5625,0.3795574903488159,5235200,0.028170374447788898
1991-12-23,0.5703125,0.5703125,0.546875,0.55859375,0.37692171335220337,7894400,-0.006968566088849573
1991-12-24,0.55078125,0.6015625,0.546875,0.6015625,0.405915766954422,7129600,0.07410815852750265
1991-12-26,0.5859375,0.6875,0.5859375,0.6875,0.4639037549495697,8672000,0.13353143851200114
1991-12-27,0.6953125,0.6953125,0.6484375,0.6640625,0.4480888843536377,6396800,-0.034685490722248705
1991-12-30,0.6640625,0.6796875,0.6484375,0.6796875,0.4586319029331207,6627200,0.023256318618142292
1991-12-31,0.6796875,0.78125,0.671875,0.7734375,0.5218916535377502,12572800,0.12921207213749158
1992-01-02,0.7734375,0.8671875,0.765625,0.86328125,0.5825154185295105,22121600,0.10989564860158618
1992-01-03,0.8671875,0.890625,0.84375,0.875,0.5904229283332825,6092800,0.013483453116942322
1992-01-06,0.8984375,0.8984375,0.7578125,0.8203125,0.5535215139389038,15987200,-0.06453848748675307
1992-01-07,0.8125,0.8359375,0.7890625,0.796875,0.5377062559127808,4940800,-0.028988201971985608
1992-01-08,0.8046875,0.8046875,0.6796875,0.703125,0.4744470715522766,36828800,-0.12516235222556155
1992-01-09,0.7265625,0.7734375,0.71875,0.7734375,0.5218916535377502,20809600,0.09530993996577179
1992-01-10,0.78125,0.7890625,0.7265625,0.75,0.5060768127441406,7961600,-0.03077154445791175
1992-01-13,0.765625,0.8359375,0.7421875,0.8125,0.5482497215270996,8499200,0.08004241775875842
1992-01-14,0.8359375,0.8359375,0.8046875,0.8203125,0.5535215139389038,3628800,0.009569740930928857
1992-01-15,0.8359375,0.8515625,0.8125,0.828125,0.5587931871414185,5910400,0.009478815065702823
1992-01-16,0.8359375,0.84375,0.7734375,0.8046875,0.542978048324585,3654400,-0.028710542905460233
1992-01-17,0.7890625,0.8125,0.7890625,0.7890625,0.5324349403381348,1574400,-0.019608180108025577
1992-01-20,0.78125,0.796875,0.7421875,0.78125,0.5271631479263306,3350400,-0.009950633110877006
1992-01-21,0.796875,0.796875,0.734375,0.75,0.5060768127441406,3724800,-0.040821617631027256
1992-01-22,0.75,0.78125,0.734375,0.78125,0.5271631479263306,5132800,0.040821617631027284
1992-01-23,0.796875,0.796875,0.734375,0.734375,0.49553361535072327,3248000,-0.061874886497800305
1992-01-24,0.734375,0.7578125,0.734375,0.7421875,0.5008050799369812,355200,0.010581770636743867
1992-01-27,0.7578125,0.7578125,0.7109375,0.7265625,0.4902617633342743,2675200,-0.021277504027465678
1992-01-28,0.7265625,0.7265625,0.6875,0.703125,0.4744470715522766,3673600,-0.032789393250365104
1992-01-29,0.7109375,0.734375,0.6875,0.71875,0.48499032855033875,1702400,0.021978883504590624
1992-01-30,0.7109375,0.765625,0.7109375,0.7421875,0.5008050799369812,2505600,0.03208801377324018
1992-01-31,0.7421875,0.75,0.734375,0.75,0.5060768127441406,1702400,0.010471498230029196
1992-02-03,0.75,0.8046875,0.7421875,0.76953125,0.5192556977272034,2611200,0.025707974081548148
1992-02-04,0.7734375,0.8046875,0.7578125,0.78125,0.5271631479263306,4233600,0.015113643549479049
1992-02-05,0.7734375,0.7890625,0.7734375,0.7734375,0.5218916535377502,3280000,-0.010050073173115438
1992-02-06,0.796875,0.796875,0.7578125,0.7578125,0.5113484859466553,7232000,-0.020408679713263645
1992-02-07,0.78125,0.78125,0.6796875,0.734375,0.49553361535072327,8979200,-0.031416133611421156
1992-02-10,0.7109375,0.734375,0.6875,0.703125,0.4744470715522766,4940800,-0.043485126641086946
1992-02-11,0.7109375,0.734375,0.6953125,0.7109375,0.4797185957431793,1667200,0.011049607015891397
1992-02-12,0.7109375,0.7734375,0.6953125,0.75,0.5060768127441406,3603200,0.053488788491968815
1992-02-13,0.765625,0.765625,0.7109375,0.7109375,0.4797185957431793,1398400,-0.053488788491968704
1992-02-14,0.7265625,0.7265625,0.703125,0.7265625,0.4902617633342743,2825600,0.02173978623447371
1992-02-18,0.7265625,0.7265625,0.6953125,0.7109375,0.4797185957431793,1078400,-0.02173978623447377
1992-02-19,0.6875,0.7109375,0.6796875,0.6875,0.4639037549495697,1408000,-0.03352256708350463
1992-02-20,0.6875,0.7265625,0.6875,0.7265625,0.4902617633342743,5705600,0.055262353317978456
1992-02-21,0.703125,0.7265625,0.65625,0.65625,0.4428172707557678,3836800,-0.10178225576376639
1992-02-24,0.65625,0.6796875,0.578125,0.61328125,0.4138233959674835,12384000,-0.0677179005617561
1992-02-25,0.6328125,0.6484375,0.6015625,0.625,0.42173057794570923,3513600,0.01892736623331195
1992-02-26,0.65625,0.65625,0.625,0.6484375,0.43754538893699646,3200000,0.03681377729921856
1992-02-27,0.6484375,0.6484375,0.609375,0.6328125,0.4270021319389343,1209600,-0.024391440510728238
1992-02-28,0.640625,0.6484375,0.6171875,0.640625,0.43227362632751465,3011200,0.012269775963884726
1992-03-02,0.640625,0.6484375,0.6171875,0.640625,0.43227362632751465,1257600,0.0
1992-03-03,0.6484375,0.6640625,0.6171875,0.6171875,0.41645893454551697,4022400,-0.03727092179470397
1992-03-04,0.625,0.625,0.609375,0.609375,0.41118746995925903,5580800,-0.012738618428852657
1992-03-05,0.6171875,0.6171875,0.5859375,0.59375,0.40064409375190735,1920000,-0.025975755337322267
1992-03-06,0.609375,0.609375,0.546875,0.578125,0.39010089635849,6329600,-0.02666807217449144
1992-03-09,0.5859375,0.5859375,0.546875,0.578125,0.39010089635849,2809600,0.0
1992-03-10,0.5859375,0.6171875,0.578125,0.6171875,0.41645893454551697,1900800,0.06538244594066626
1992-03-11,0.6171875,0.625,0.5703125,0.578125,0.39010089635849,5577600,-0.06538244594066628
1992-03-12,0.5859375,0.6171875,0.5703125,0.6015625,0.405915766954422,1644800,0.039740253245226016
1992-03-13,0.59375,0.625,0.5859375,0.6015625,0.405915766954422,4976000,0.0
1992-03-16,0.6015625,0.6015625,0.578125,0.578125,0.39010089635849,739200,-0.03974025324522605
1992-03-17,0.5859375,0.609375,0.5859375,0.5859375,0.39537250995635986,1865600,0.013422969401174854
1992-03-18,0.6171875,0.6484375,0.609375,0.63671875,0.4296378791332245,3753600,0.0831143286594853
1992-03-19,0.640625,0.6796875,0.625,0.6796875,0.4586319029331207,6108800,0.06530522159246069
1992-03-20,0.6875,0.7265625,0.6875,0.6953125,0.4691755175590515,5392000,0.022729002373513434
1992-03-23,0.7109375,0.71875,0.6640625,0.671875,0.4533601999282837,5219200,-0.03428998344893828
1992-03-24,0.6953125,0.703125,0.6640625,0.671875,0.4533601999282837,5760000,0.0
1992-03-25,0.6875,0.6953125,0.671875,0.6875,0.4639037549495697,3718400,0.022990153179531268
1992-03-26,0.703125,0.703125,0.6796875,0.6953125,0.4691755175590515,2089600,0.011299830269406976
1992-03-27,0.6796875,0.6953125,0.671875,0.671875,0.4533601999282837,1456000,-0.03428998344893828
1992-03-30,0.671875,0.6953125,0.6484375,0.671875,0.4533601999282837,2339200,0.0
1992-03-31,0.6484375,0.7265625,0.6171875,0.71875,0.48499032855033875,5353600,0.06744199675173523
1992-04-01,0.671875,0.71875,0.671875,0.68359375,0.4612678289413452,3868800,-0.05015010146625381
1992-04-02,0.6953125,0.6953125,0.609375,0.6484375,0.43754538893699646,2947200,-0.05279840158096363
1992-04-03,0.6328125,0.6875,0.6328125,0.6484375,0.43754538893699646,3414400,0.0
1992-04-06,0.65625,0.6640625,0.6328125,0.66015625,0.445453017950058,2742400,0.017911335644645067
1992-04-07,0.6796875,0.6875,0.65625,0.6640625,0.4480888843536377,2579200,0.00589983310811981
1992-04-08,0.6484375,0.6875,0.6484375,0.6640625,0.4480888843536377,3123200,0.0
1992-04-09,0.6640625,0.671875,0.64453125,0.65625,0.4428172707557678,4313600,-0.011834411723539258
1992-04-10,0.671875,0.671875,0.65625,0.671875,0.4533601999282837,592000,0.0235297492662567
1992-04-13,0.671875,0.6953125,0.65625,0.6875,0.4639037549495697,2115200,0.022990153179531268
1992-04-14,0.6953125,0.7265625,0.6875,0.703125,0.4744470715522766,1955200,0.022472960067613238
1992-04-15,0.734375,0.7421875,0.6953125,0.7265625,0.4902617633342743,6112000,0.032789393250365034
1992-04-16,0.7421875,0.75,0.71484375,0.71484375,0.48235437273979187,2646400,-0.01626040228420586
1992-04-20,0.703125,0.765625,0.703125,0.71875,0.48499032855033875,3318400,0.005449892538431429
1992-04-21,0.75,0.75,0.71875,0.7265625,0.4902617633342743,1952000,0.01081050974577446
1992-04-22,0.7421875,0.75,0.71875,0.75,0.5060768127441406,2198400,0.03174900225749503
1992-04-23,0.734375,0.75,0.703125,0.7265625,0.4902617633342743,1555200,-0.03174900225749502
1992-04-24,0.71484375,0.7265625,0.7109375,0.7109375,0.4797185957431793,2112000,-0.02173978623447377
1992-04-27,0.7265625,0.7265625,0.703125,0.703125,0.4744470715522766,1984000,-0.011049607015891423
1992-04-28,0.7265625,0.7265625,0.6640625,0.6640625,0.4480888843536377,1923200,-0.05715845078986198
1992-04-29,0.6796875,0.6796875,0.6640625,0.6796875,0.4586319029331207,563200,0.023256318618142292
1992-04-30,0.6796875,0.6796875,0.640625,0.65625,0.4428172707557678,3433600,-0.035090730341681496
1992-05-01,0.6640625,0.6640625,0.6484375,0.6640625,0.4480888843536377,1120000,0.011834411723539252
1992-05-04,0.6640625,0.6796875,0.6484375,0.6640625,0.4480888843536377,3014400,0.0
1992-05-05,0.6796875,0.6875,0.6640625,0.671875,0.4533601999282837,300800,0.011695337542717378
1992-05-06,0.68359375,0.6875,0.6640625,0.671875,0.4533601999282837,1779200,0.0
1992-05-07,0.6875,0.6875,0.6640625,0.6640625,0.4480888843536377,412800,-0.011695337542717349
1992-05-08,0.6640625,0.6875,0.6640625,0.6640625,0.4480888843536377,179200,0.0
1992-05-11,0.6875,0.6875,0.6484375,0.6640625,0.4480888843536377,1318400,0.0
1992-05-12,0.6640625,0.6640625,0.625,0.625,0.42173057794570923,1654400,-0.06062494605198333
1992-05-13,0.640625,0.640625,0.59375,0.6015625,0.405915766954422,3331200,-0.03822100173776911
1992-05-14,0.6171875,0.6171875,0.5859375,0.6015625,0.405915766954422,6102400,0.0
1992-05-15,0.59375,0.6015625,0.578125,0.5859375,0.39537250995635986,1612800,-0.026317283844051263
1992-05-18,0.6015625,0.6015625,0.578125,0.58203125,0.39273667335510254,2275200,-0.006689038739946462
1992-05-19,0.59375,0.59375,0.578125,0.578125,0.39010089635849,1500800,-0.006733930661228356
1992-05-20,0.59375,0.59375,0.546875,0.5546875,0.3742859661579132,7673600,-0.04138529363531041
1992-05-21,0.5625,0.578125,0.5390625,0.5625,0.3795574903488159,4457600,0.013985954441883516
1992-05-22,0.5625,0.578125,0.546875,0.5703125,0.3848291039466858,1846400,0.013793274806055864
1992-05-26,0.578125,0.58984375,0.5546875,0.58984375,0.39800825715065,3257600,0.03367340179037162
1992-05-27,0.59375,0.59375,0.5625,0.56640625,0.38219326734542847,4080000,-0.040546335555283766
1992-05-28,0.5625,0.578125,0.5625,0.5625,0.3795574903488159,630400,-0.006920341041143689
1992-05-29,0.578125,0.578125,0.5625,0.57421875,0.3874649107456207,1504000,0.020619216696236155
1992-06-01,0.578125,0.6015625,0.5703125,0.59375,0.40064409375190735,2649600,0.033448194671682245
1992-06-02,0.6015625,0.6171875,0.578125,0.578125,0.39010089635849,2208000,-0.02666807217449144
1992-06-03,0.6015625,0.609375,0.5859375,0.609375,0.41118746995925903,3337600,0.05264382751181375
1992-06-04,0.625,0.6484375,0.6015625,0.6328125,0.4270021319389343,8780800,0.03773976425967195
1992-06-05,0.6328125,0.640625,0.6171875,0.6328125,0.4270021319389343,1609600,0.0
1992-06-08,0.6171875,0.6328125,0.5859375,0.59375,0.40064409375190735,2060800,-0.06371551959699413
1992-06-09,0.59375,0.59375,0.5625,0.5703125,0.3848291039466858,2982400,-0.04027413656186268
1992-06-10,0.5625,0.59375,0.546875,0.5546875,0.3742859661579132,5728000,-0.027779229247939213
1992-06-11,0.578125,0.59375,0.5546875,0.5859375,0.39537250995635986,11107200,0.054808263036485345
1992-06-12,0.6015625,0.640625,0.58203125,0.640625,0.43227362632751465,4480000,0.08923039833419541
1992-06-15,0.6171875,0.6484375,0.61328125,0.640625,0.43227362632751465,3379200,0.0
1992-06-16,0.6328125,0.6328125,0.609375,0.609375,0.41118746995925903,857600,-0.05000954022355659
1992-06-17,0.609375,0.609375,0.5546875,0.5703125,0.3848291039466858,2147200,-0.06624989189918487
1992-06-18,0.5703125,0.5859375,0.5546875,0.55859375,0.37692171335220337,4064000,-0.020761840894905438
1992-06-19,0.5703125,0.578125,0.5546875,0.5625,0.3795574903488159,1315200,0.006968566088849587
1992-06-22,0.5546875,0.578125,0.53125,0.55078125,0.37165018916130066,2668800,-0.02105301493430655
1992-06-23,0.5546875,0.5625,0.5390625,0.5625,0.3795574903488159,2051200,0.021053014934306603
1992-06-24,0.5625,0.5703125,0.5546875,0.5546875,0.3742859661579132,496000,-0.013985954441883405
1992-06-25,0.5703125,0.578125,0.5625,0.5625,0.3795574903488159,1321600,0.013985954441883516
1992-06-26,0.578125,0.578125,0.5625,0.5625,0.3795574903488159,451200,0.0
1992-06-29,0.5859375,0.59375,0.578125,0.59375,0.40064409375190735,1881600,0.05406741136791849
1992-06-30,0.5859375,0.609375,0.578125,0.609375,0.41118746995925903,1715200,0.025975755337322177
1992-07-01,0.609375,0.62109375,0.5859375,0.609375,0.41118746995925903,1414400,0.0
1992-07-02,0.625,0.6328125,0.59765625,0.6015625,0.405915766954422,1993600,-0.012903574266587614
1992-07-06,0.609375,0.609375,0.5859375,0.5859375,0.39537250995635986,710400,-0.026317283844051263
1992-07-07,0.6015625,0.6015625,0.5859375,0.59375,0.40064409375190735,752000,0.013245102773316584
1992-07-08,0.5859375,0.609375,0.5859375,0.6015625,0.405915766954422,774400,0.013072181070734672
1992-07-09,0.59375,0.609375,0.5859375,0.59375,0.40064409375190735,777600,-0.013072181070734606
1992-07-10,0.59375,0.609375,0.5859375,0.59375,0.40064409375190735,2630400,0.0
1992-07-13,0.59375,0.6015625,0.5859375,0.5859375,0.39537250995635986,300800,-0.013245102773316617
1992-07-14,0.6015625,0.6015625,0.5859375,0.6015625,0.405915766954422,428800,0.026317283844051208
1992-07-15,0.6015625,0.6015625,0.5390625,0.55859375,0.37692171335220337,13004800,-0.07410815852750269
1992-07-16,0.5546875,0.578125,0.5546875,0.55859375,0.37692171335220337,1001600,0.0
1992-07-17,0.5546875,0.578125,0.5546875,0.55859375,0.37692171335220337,777600,0.0
1992-07-20,0.5546875,0.5546875,0.53125,0.5390625,0.36374279856681824,2838400,-0.035590488458353525
1992-07-21,0.5546875,0.5546875,0.4765625,0.49609375,0.3347487449645996,8291200,-0.08306678514323812
1992-07-22,0.5,0.5,0.46875,0.47265625,0.31893375515937805,11747200,-0.0483968182495448
1992-07-23,0.46875,0.5078125,0.46875,0.5078125,0.34265604615211487,1884800,0.07174374600468658
1992-07-24,0.5,0.5,0.484375,0.484375,0.32684120535850525,1491200,-0.04725272072134821
1992-07-27,0.5,0.5078125,0.4921875,0.4921875,0.3321128487586975,1593600,0.01600037463542859
1992-07-28,0.5078125,0.546875,0.5,0.5390625,0.36374279856681824,4758400,0.09097220347401595
1992-07-29,0.546875,0.55078125,0.53125,0.5390625,0.36374279856681824,4019200,0.0
1992-07-30,0.53125,0.5546875,0.53125,0.546875,0.3690144121646881,2569600,0.014388680099414186
1992-07-31,0.5546875,0.5546875,0.53125,0.5546875,0.3742859661579132,5424000,0.014184420005905545
1992-08-03,0.5546875,0.5703125,0.546875,0.5546875,0.3742859661579132,1891200,0.0
1992-08-04,0.5703125,0.5703125,0.546875,0.546875,0.3690144121646881,1555200,-0.014184420005905467
1992-08-05,0.53125,0.546875,0.515625,0.51953125,0.3505636155605316,1139200,-0.05129351116964228
1992-08-06,0.53125,0.53125,0.484375,0.484375,0.32684120535850525,2902400,-0.07006774703921652
1992-08-07,0.484375,0.5078125,0.484375,0.5078125,0.34265604615211487,992000,0.047252720721348125
1992-08-10,0.5078125,0.5078125,0.4921875,0.4921875,0.3321128487586975,697600,-0.03125234608591971
1992-08-11,0.5078125,0.5078125,0.4921875,0.4921875,0.3321128487586975,1587200,0.0
1992-08-12,0.5078125,0.5078125,0.4921875,0.5078125,0.34265604615211487,1267200,0.031252346085919626
1992-08-13,0.5078125,0.5078125,0.4921875,0.5078125,0.34265604615211487,1209600,0.0
1992-08-14,0.5078125,0.5078125,0.4921875,0.5078125,0.34265604615211487,528000,0.0
1992-08-17,0.5,0.5234375,0.4921875,0.5,0.33738449215888977,1110400,-0.015503956869075089
1992-08-18,0.515625,0.515625,0.4921875,0.5,0.33738449215888977,246400,0.0
1992-08-19,0.515625,0.515625,0.4765625,0.484375,0.32684120535850525,1856000,-0.03174876385227316
1992-08-20,0.5,0.5,0.4765625,0.484375,0.32684120535850525,4016000,0.0
1992-08-21,0.4921875,0.5,0.4765625,0.484375,0.32684120535850525,2390400,0.0
1992-08-24,0.4765625,0.5,0.4765625,0.4765625,0.3215695917606354,1260800,-0.01626046257453091
1992-08-25,0.4765625,0.5,0.4765625,0.48046875,0.3242054581642151,659200,0.008163465101942007
1992-08-26,0.4765625,0.5,0.4765625,0.4765625,0.3215695917606354,412800,-0.008163465101942113
1992-08-27,0.5,0.5,0.4765625,0.484375,0.32684120535850525,774400,0.016260462574530878
1992-08-28,0.5,0.5,0.4765625,0.5,0.33738449215888977,134400,0.031748763852273085
1992-08-31,0.48828125,0.5,0.4765625,0.48046875,0.3242054581642151,486400,-0.03984576132486187
1992-09-01,0.4921875,0.4921875,0.4765625,0.484375,0.32684120535850525,2883200,0.008096997472588881
1992-09-02,0.4765625,0.5078125,0.4765625,0.5078125,0.34265604615211487,92800,0.047252720721348125
1992-09-03,0.484375,0.5078125,0.484375,0.50390625,0.3400203585624695,4720000,-0.007721669204682331
1992-09-04,0.5078125,0.5078125,0.4921875,0.4921875,0.3321128487586975,1820800,-0.023530676881237327
1992-09-08,0.4921875,0.5078125,0.484375,0.484375,0.32684120535850525,1862400,-0.016000374635428485
1992-09-09,0.4921875,0.5078125,0.48046875,0.48046875,0.3242054581642151,3600000,-0.008096997472588813
1992-09-10,0.4765625,0.4765625,0.453125,0.4765625,0.3215695917606354,6096000,-0.008163465101942113
1992-09-11,0.453125,0.4765625,0.453125,0.453125,0.3057546615600586,1609600,-0.05043095908770103
1992-09-14,0.4765625,0.4765625,0.453125,0.45703125,0.3083905577659607,2246400,0.008584003614981657
1992-09-15,0.46875,0.46875,0.4296875,0.4375,0.29521146416664124,2947200,-0.0436750971534797
1992-09-16,0.4375,0.4375,0.40625,0.421875,0.2846681475639343,5097600,-0.03636781990294356
1992-09-17,0.4296875,0.4453125,0.4296875,0.4296875,0.2899397313594818,2224000,0.01834897116185545
1992-09-18,0.4453125,0.453125,0.4296875,0.4453125,0.30048298835754395,2092800,0.03571806276580021
1992-09-21,0.4453125,0.4453125,0.4140625,0.421875,0.2846681475639343,2947200,-0.054067033927655626
1992-09-22,0.4140625,0.4375,0.390625,0.4140625,0.27939659357070923,3654400,-0.018691852518106504
1992-09-23,0.4140625,0.421875,0.390625,0.41015625,0.2767607569694519,3980800,-0.009478815065702974
1992-09-24,0.40625,0.4453125,0.40625,0.4453125,0.30048298835754395,4643200,0.08223770151146517
1992-09-25,0.4453125,0.4453125,0.421875,0.43359375,0.29257553815841675,1804800,-0.026668257804474457
1992-09-28,0.4453125,0.4453125,0.421875,0.4296875,0.2899397313594818,4886400,-0.00904980496132566
1992-09-29,0.4140625,0.4375,0.4140625,0.4296875,0.2899397313594818,5763200,0.0
1992-09-30,0.484375,0.5703125,0.46875,0.5625,0.3795574903488159,29603200,0.26933299659846555
1992-10-01,0.5703125,0.578125,0.53125,0.5390625,0.36374279856681824,13654400,-0.04255905454720319
1992-10-02,0.5546875,0.5546875,0.5078125,0.53125,0.3584710359573364,1785600,-0.014599156068156842
1992-10-05,0.53125,0.546875,0.5,0.5390625,0.36374279856681824,3696000,0.01459915606815679
1992-10-06,0.546875,0.625,0.53125,0.6015625,0.405915766954422,7840000,0.1096986469858563
1992-10-07,0.625,0.6640625,0.6015625,0.6328125,0.4270021319389343,15251200,0.05064333852625952
1992-10-08,0.6328125,0.640625,0.609375,0.640625,0.43227362632751465,7385600,0.012269775963884726
1992-10-09,0.640625,0.640625,0.609375,0.6171875,0.41645893454551697,7398400,-0.03727092179470397
1992-10-12,0.6328125,0.65625,0.609375,0.640625,0.43227362632751465,5132800,0.03727092179470398
1992-10-13,0.640625,0.65625,0.625,0.6328125,0.4270021319389343,3923200,-0.012269775963884644
1992-10-14,0.640625,0.640625,0.6171875,0.6171875,0.41645893454551697,1308800,-0.025001145830819298
1992-10-15,0.640625,0.6640625,0.6171875,0.640625,0.43227362632751465,5321600,0.03727092179470398
1992-10-16,0.65625,0.7734375,0.640625,0.734375,0.49553361535072327,15766400,0.13657641073055732
1992-10-19,0.75,0.7578125,0.7109375,0.7109375,0.4797185957431793,5532800,-0.032435519625195586
1992-10-20,0.7421875,0.75,0.7109375,0.73828125,0.49816930294036865,4726400,0.03774031187647094
1992-10-21,0.75,0.7734375,0.7265625,0.7734375,0.5218916535377502,6848000,0.0465200210734095
1992-10-22,0.7578125,0.78125,0.75,0.78125,0.5271631479263306,2755200,0.010050073173115535
1992-10-23,0.78125,0.7890625,0.7578125,0.7734375,0.5218916535377502,13619200,-0.010050073173115438
1992-10-26,0.7734375,0.7890625,0.7578125,0.78125,0.5271631479263306,1868800,0.010050073173115535
1992-10-27,0.7578125,0.7734375,0.6796875,0.7109375,0.4797185957431793,15824000,-0.09431040612299593
1992-10-28,0.7109375,0.78125,0.6875,0.765625,0.5166199207305908,6908800,0.0741077680300391
1992-10-29,0.78125,0.7890625,0.7578125,0.765625,0.5166199207305908,4691200,0.0
1992-10-30,0.765625,0.7890625,0.7421875,0.765625,0.5166199207305908,3779200,0.0
1992-11-02,0.7421875,0.7734375,0.71875,0.765625,0.5166199207305908,4521600,0.0
1992-11-03,0.765625,0.7734375,0.7421875,0.7734375,0.5218916535377502,3212800,0.01015256491984116
1992-11-04,0.765625,0.7890625,0.765625,0.7890625,0.5324349403381348,5862400,0.020000706283992385
1992-11-05,0.78125,0.8359375,0.78125,0.828125,0.5587931871414185,26240000,0.048318723013485936
1992-11-06,0.8359375,0.8359375,0.7578125,0.78125,0.5271631479263306,9027200,-0.05826935612436281
1992-11-09,0.7578125,0.796875,0.7578125,0.79296875,0.5350708961486816,3916800,0.014889175042644441
1992-11-10,0.796875,0.828125,0.796875,0.828125,0.5587931871414185,5200000,0.04338018108171836
1992-11-11,0.828125,0.84375,0.8046875,0.84375,0.5693362951278687,6598400,0.018691852518106587
1992-11-12,0.84375,0.84375,0.796875,0.828125,0.5587931871414185,3888000,-0.018691852518106504
1992-11-13,0.828125,0.84375,0.8125,0.8359375,0.5640646815299988,4169600,0.009389493122235875
1992-11-16,0.84375,0.84375,0.8203125,0.8359375,0.5640646815299988,851200,0.0
1992-11-17,0.8359375,0.8515625,0.8125,0.8359375,0.5640646815299988,3420800,0.0
1992-11-18,0.8515625,0.8828125,0.828125,0.8828125,0.595694363117218,7456000,0.05455879348356094
1992-11-19,0.890625,0.9140625,0.8671875,0.8828125,0.595694363117218,9804800,0.0
1992-11-20,0.8828125,0.8984375,0.8671875,0.8828125,0.595694363117218,6198400,0.0
1992-11-23,0.8828125,0.8984375,0.8671875,0.890625,0.6009659767150879,4044800,0.008810599839965162
1992-11-24,0.890625,0.890625,0.875,0.875,0.5904229283332825,3059200,-0.017699214024712046
1992-11-25,0.890625,0.890625,0.8671875,0.875,0.5904229283332825,4732800,0.0
1992-11-27,0.890625,0.890625,0.875,0.890625,0.6009659767150879,659200,0.017699214024712008
1992-11-30,0.890625,0.8984375,0.875,0.890625,0.6009659767150879,3782400,0.0
1992-12-01,0.8984375,0.8984375,0.8671875,0.87109375,0.5877871513366699,6323200,-0.02217342696709743
1992-12-02,0.8671875,0.8828125,0.8671875,0.8671875,0.5851510763168335,2726400,-0.004494830837377055
1992-12-03,0.8828125,0.8828125,0.828125,0.828125,0.5587931871414185,6009600,-0.0460906286412876
1992-12-04,0.84375,0.8515625,0.7890625,0.796875,0.5377062559127808,5097600,-0.038467017037688594
1992-12-07,0.8125,0.8203125,0.7890625,0.8203125,0.5535215139389038,2611200,0.02898820197198564
1992-12-08,0.8203125,0.8359375,0.796875,0.796875,0.5377062559127808,3811200,-0.028988201971985608
1992-12-09,0.7890625,0.8203125,0.765625,0.78125,0.5271631479263306,6736000,-0.019802339086674225
1992-12-10,0.78125,0.8046875,0.7734375,0.7734375,0.5218916535377502,2284800,-0.010050073173115438
1992-12-11,0.796875,0.796875,0.7734375,0.78125,0.5271631479263306,838400,0.010050073173115535
1992-12-14,0.796875,0.796875,0.7734375,0.78125,0.5271631479263306,896000,0.0
1992-12-15,0.7890625,0.796875,0.7734375,0.796875,0.5377062559127808,262400,0.019802339086674278
1992-12-16,0.7734375,0.8046875,0.7734375,0.78125,0.5271631479263306,2153600,-0.019802339086674225
1992-12-17,0.7890625,0.7890625,0.75,0.75390625,0.5087125301361084,1865600,-0.03562699603329819
1992-12-18,0.7578125,0.7578125,0.7265625,0.75,0.5060768127441406,1708800,-0.005194621597729071
1992-12-21,0.75,0.7734375,0.7265625,0.7734375,0.5218916535377502,5769600,0.030771544457911807
1992-12-22,0.7890625,0.84375,0.78125,0.84375,0.5693362951278687,5027200,0.0870112818155848
1992-12-23,0.84375,0.875,0.828125,0.8515625,0.5746080279350281,3059200,0.009216829910823393
1992-12-24,0.84375,0.875,0.84375,0.84375,0.5693362951278687,326400,-0.009216829910823442
1992-12-28,0.875,0.875,0.828125,0.8515625,0.5746080279350281,640000,0.009216829910823393
1992-12-29,0.828125,0.875,0.828125,0.8359375,0.5640646815299988,2915200,-0.018519189306693978
1992-12-30,0.8359375,0.84375,0.765625,0.7890625,0.5324349403381348,4246400,-0.057708216135721774
1992-12-31,0.78125,0.8046875,0.7578125,0.7578125,0.5113484859466553,4342400,-0.04040938599725611
1993-01-04,0.7578125,0.78125,0.75,0.7578125,0.5113484859466553,1990400,0.0
1993-01-05,0.7578125,0.8359375,0.7578125,0.7890625,0.5324349403381348,4985600,0.04040938599725619
1993-01-06,0.8046875,0.8203125,0.7890625,0.8125,0.5482497215270996,5641600,0.029270167016854167
1993-01-07,0.8125,0.8125,0.7109375,0.7265625,0.4902617633342743,11129600,-0.11179142001625329
1993-01-08,0.703125,0.78515625,0.703125,0.78515625,0.529799222946167,7852800,0.07755865079300878
1993-01-11,0.78125,0.8046875,0.765625,0.79296875,0.5350708961486816,3814400,0.009901144138158036
1993-01-12,0.78125,0.8046875,0.78125,0.78125,0.5271631479263306,4086400,-0.014889175042644599
1993-01-13,0.78125,0.9140625,0.78125,0.90625,0.6115093231201172,10361600,0.148420122083911
1993-01-14,0.9140625,0.9921875,0.90625,0.9921875,0.6694974899291992,24108800,0.09059721462843824
1993-01-15,0.96875,1.0859375,0.9609375,1.0546875,0.711670458316803,18540800,0.061087548874067345
1993-01-18,1.046875,1.0703125,1.0234375,1.0546875,0.711670458316803,10560000,0.0
1993-01-19,1.0703125,1.09375,1.0390625,1.0390625,0.7011272311210632,11491200,-0.014925594801057178
1993-01-20,1.03125,1.0546875,1.015625,1.01953125,0.6879481077194214,5308800,-0.018975959762663898
1993-01-21,1.0078125,1.03125,0.9375,0.9765625,0.6589540243148804,9964800,-0.04305964402834727
1993-01-22,0.9609375,0.984375,0.921875,0.921875,0.6220525503158569,9174400,-0.057629191025188445
1993-01-25,0.9453125,1.0,0.921875,0.984375,0.664225697517395,8764800,0.06559742241241162
1993-01-26,1.0078125,1.0078125,0.984375,1.0,0.6747689843177795,4806400,0.01574838921684461
1993-01-27,1.0,1.0,0.9609375,0.984375,0.664225697517395,7680000,-0.01574838921684459
1993-01-28,0.984375,0.984375,0.953125,0.9765625,0.6589540243148804,1424000,-0.007968231387223189
1993-01-29,0.9765625,0.984375,0.921875,0.921875,0.6220525503158569,11961600,-0.057629191025188445
1993-02-01,0.9375,0.953125,0.8984375,0.9453125,0.6378675103187561,14716800,0.025106022493644808
1993-02-02,0.9296875,1.03125,0.9140625,0.97265625,0.6563182473182678,29603200,0.028515206709749365
1993-02-03,1.0078125,1.03125,0.984375,1.015625,0.6853120923042297,17481600,0.04322853929493729
1993-02-04,1.03125,1.1171875,1.015625,1.09375,0.7380288243293762,13545600,0.07410853748751048
1993-02-05,1.1171875,1.1171875,1.0234375,1.046875,0.7063989043235779,7395200,-0.04380278297689757
1993-02-08,1.046875,1.1328125,1.046875,1.1328125,0.7643865346908569,8662400,0.07889349846583
1993-02-09,1.171875,1.171875,1.078125,1.09375,0.7380288243293762,9024000,-0.03509071548893258
1993-02-10,1.0703125,1.078125,1.015625,1.0390625,0.7011272311210632,11305600,-0.05129351116964228
1993-02-11,1.0390625,1.0390625,1.0,1.03125,0.6958556771278381,7273600,-0.007547091641229016
1993-02-12,1.0390625,1.0390625,1.015625,1.0390625,0.7011272311210632,4496000,0.007547091641229112
1993-02-16,1.0390625,1.0390625,0.90625,0.9375,0.6325957179069519,17241600,-0.10285782821373389
1993-02-17,0.953125,0.953125,0.90625,0.9453125,0.6378675103187561,11846400,0.008299055891179038
1993-02-18,0.96875,0.9765625,0.9453125,0.96875,0.6536824107170105,11756800,0.024491025283338394
1993-02-19,0.9921875,1.0078125,0.96875,0.9921875,0.6694974899291992,10035200,0.023905792966206308
1993-02-22,1.0078125,1.03125,0.9921875,1.015625,0.6853120923042297,6908800,0.023346927755141866
1993-02-23,1.02734375,1.0625,1.0078125,1.0078125,0.680040717124939,7737600,-0.007721669204682331
1993-02-24,1.0390625,1.0390625,0.9921875,0.9921875,0.6694974899291992,10464000,-0.015625258550459473
1993-02-25,0.9921875,1.0078125,0.96875,0.984375,0.664225697517395,14732800,-0.007905418330777852
1993-02-26,0.984375,0.984375,0.953125,0.984375,0.664225697517395,8435200,0.0
1993-03-01,0.984375,1.0078125,0.98046875,0.984375,0.664225697517395,1292800,0.0
1993-03-02,1.0,1.015625,0.984375,1.015625,0.6853120923042297,5552000,0.031252346085919626
1993-03-03,1.015625,1.125,1.0,1.1171875,0.7538434267044067,33088000,0.09531034584644978
1993-03-04,1.171875,1.21875,1.16015625,1.1796875,0.7960165143013,29728000,0.05443524268527711
1993-03-05,1.1796875,1.1796875,1.140625,1.15234375,0.7775660157203674,11408000,-0.02345138411098305
1993-03-08,1.1640625,1.1796875,1.140625,1.1796875,0.7960165143013,11772800,0.023451384110983013
1993-03-09,1.1796875,1.265625,1.171875,1.265625,0.8540042638778687,23737600,0.07031625436848515
1993-03-10,1.28125,1.2890625,1.234375,1.2890625,0.8698192238807678,12512000,0.0183492148074492
1993-03-11,1.2890625,1.2890625,1.203125,1.21875,0.8223749399185181,7155200,-0.05608897906712106
1993-03-12,1.203125,1.2421875,1.1796875,1.21875,0.8223749399185181,6048000,0.0
1993-03-15,1.2578125,1.2734375,1.234375,1.2734375,0.859275758266449,5283200,0.04389347054884665
1993-03-16,1.2890625,1.296875,1.171875,1.234375,0.8329178690910339,13433600,-0.031154852119993935
1993-03-17,1.234375,1.2734375,1.2109375,1.2578125,0.8487324714660645,6918400,0.01880898570765603
1993-03-18,1.28125,1.38671875,1.2578125,1.3671875,0.9225356578826904,15148800,0.08338200221485509
1993-03-19,1.3828125,1.4296875,1.328125,1.3515625,0.9119921922683716,12883200,-0.011494599770582273
1993-03-22,1.3671875,1.4453125,1.3515625,1.44140625,0.9726161956787109,20096000,0.06435812084451978
1993-03-23,1.4609375,1.46875,1.3671875,1.390625,0.938351035118103,12422400,-0.03586543291048054
1993-03-24,1.390625,1.3984375,1.359375,1.375,0.9278075098991394,7116800,-0.011299830269406948
1993-03-25,1.390625,1.3984375,1.34375,1.3671875,0.9225356578826904,7878400,-0.005698257894049811
1993-03-26,1.359375,1.421875,1.359375,1.421875,0.9594371914863586,7209600,0.0392208249775544
1993-03-29,1.3984375,1.5,1.3984375,1.4765625,0.9963386058807373,12752000,0.03774031187647094
1993-03-30,1.46875,1.5078125,1.4609375,1.5078125,1.0174250602722168,5254400,0.020943098213226718
1993-03-31,1.515625,1.5625,1.484375,1.53125,1.0332398414611816,10499200,0.015424357940341464
1993-04-01,1.5390625,1.6328125,1.515625,1.609375,1.08595609664917,14499200,0.0497614513118594
1993-04-02,1.578125,1.5859375,1.5078125,1.5078125,1.0174250602722168,12304000,-0.06518580925220073
1993-04-05,1.5390625,1.5703125,1.515625,1.5625,1.0543262958526611,10569600,0.03562699603329826
1993-04-06,1.578125,1.609375,1.515625,1.51953125,1.025333046913147,12422400,-0.027884497185674782
1993-04-07,1.5390625,1.5390625,1.4375,1.44140625,0.9726161956787109,19984000,-0.05278321284093825
1993-04-08,1.4609375,1.5390625,1.4375,1.5234375,1.027968406677246,7193600,0.055350162965649874
1993-04-12,1.53125,1.53125,1.46875,1.4765625,0.9963386058807373,10230400,-0.031252547185561794
1993-04-13,1.4921875,1.4921875,1.421875,1.453125,0.9805235266685486,10329600,-0.01600052564199726
1993-04-14,1.4765625,1.484375,1.4296875,1.4375,0.9699806571006775,8492800,-0.010810509745774442
1993-04-15,1.4296875,1.453125,1.3359375,1.3671875,0.9225356578826904,15734400,-0.05015010146625381
1993-04-16,1.328125,1.34375,1.234375,1.3046875,0.8803622126579285,25494400,-0.04679260061989408
1993-04-19,1.2421875,1.2890625,1.203125,1.28125,0.8645472526550293,18787200,-0.018127465507913137
1993-04-20,1.28125,1.328125,1.2578125,1.32421875,0.893541693687439,8377600,0.03298703427189745
1993-04-21,1.3203125,1.3828125,1.3125,1.3828125,0.9330786466598511,16643200,0.0432964948352051
1993-04-22,1.390625,1.484375,1.375,1.4375,0.9699806571006775,16496000,0.03878663848695856
1993-04-23,1.4453125,1.4453125,1.359375,1.375,0.9278075098991394,8585600,-0.04445184357220396
1993-04-26,1.390625,1.390625,1.28125,1.3125,0.8856345415115356,9366400,-0.04651990244578799
1993-04-27,1.3125,1.328125,1.28125,1.3203125,0.890906035900116,7961600,0.005934578615419586
1993-04-28,1.328125,1.3984375,1.296875,1.3984375,0.9436224102973938,7052800,0.057487134274075175
1993-04-29,1.3671875,1.390625,1.34375,1.38671875,0.9357147812843323,6428800,-0.008415387846094337
1993-04-30,1.3671875,1.4453125,1.3671875,1.421875,0.9594371914863586,8009600,0.025036144485892357
1993-05-03,1.421875,1.4296875,1.3984375,1.40625,0.9488941431045532,2115200,-0.011049607015891423
1993-05-04,1.4296875,1.4296875,1.34375,1.34375,0.9067203998565674,5177600,-0.04546311324714466
1993-05-05,1.3515625,1.3828125,1.2734375,1.35546875,0.9146282076835632,8294400,0.008683518886933665
1993-05-06,1.359375,1.3984375,1.3359375,1.3515625,0.9119921922683716,5888000,-0.0028862233720345033
1993-05-07,1.3515625,1.3984375,1.3515625,1.3828125,0.9330786466598511,10844800,0.022858062749877648
1993-05-10,1.4140625,1.4375,1.375,1.4140625,0.954166054725647,7888000,0.02234822618029248
1993-05-11,1.4140625,1.4921875,1.4140625,1.484375,1.0016101598739624,8115200,0.04852642607990628
1993-05-12,1.5,1.5,1.4453125,1.484375,1.0016101598739624,4518400,0.0
1993-05-13,1.4921875,1.4921875,1.4140625,1.4453125,0.9752520322799683,11145600,-0.026668211698535657
1993-05-14,1.4296875,1.4296875,1.3125,1.34375,0.9067203998565674,16572800,-0.07286179882643985
1993-05-17,1.3515625,1.390625,1.2890625,1.390625,0.938351035118103,9830400,0.034289983448938355
1993-05-18,1.40625,1.421875,1.390625,1.40625,0.9488941431045532,5046400,0.011173129798206286
1993-05-19,1.4296875,1.46875,1.3984375,1.453125,0.9805235266685486,9331200,0.032789393250365034
1993-05-20,1.4609375,1.46875,1.40625,1.40625,0.9488941431045532,3920000,-0.032789393250365104
1993-05-21,1.421875,1.421875,1.375,1.3828125,0.9330786466598511,2185600,-0.016807754982367782
1993-05-24,1.3828125,1.421875,1.34375,1.4140625,0.954166054725647,4563200,0.02234822618029248
1993-05-25,1.3984375,1.453125,1.3984375,1.4296875,0.9647087454795837,2764800,0.010988519768234591
1993-05-26,1.453125,1.4765625,1.4140625,1.47265625,0.99370276927948,4422400,0.029611899443136875
1993-05-27,1.4609375,1.484375,1.421875,1.4296875,0.9647087454795837,2896000,-0.02961189944313691
1993-05-28,1.4453125,1.4453125,1.390625,1.4140625,0.954166054725647,3648000,-0.010988519768234617
1993-06-01,1.390625,1.4140625,1.3515625,1.36328125,0.9198998808860779,6009600,-0.03657287886123903
1993-06-02,1.359375,1.421875,1.359375,1.421875,0.9594371914863586,2278400,0.04208201467920589
1993-06-03,1.3984375,1.4765625,1.3984375,1.46875,0.9910672307014465,5542400,0.032435519625195676
1993-06-04,1.453125,1.5,1.453125,1.48046875,0.9989748001098633,6563200,0.007947179913367476
1993-06-07,1.46875,1.484375,1.4453125,1.45703125,0.9831597208976746,6304000,-0.01595796315637334
1993-06-08,1.453125,1.4609375,1.421875,1.453125,0.9805235266685486,3068800,-0.0026849501477159026
1993-06-09,1.46875,1.4921875,1.4375,1.4765625,0.9963386058807373,4003200,0.016000525641997266
1993-06-10,1.4765625,1.4921875,1.4765625,1.484375,1.0016101598739624,4022400,0.005276978385468438
1993-06-11,1.5,1.5859375,1.4921875,1.5859375,1.0701417922973633,15868800,0.06618229090370095
1993-06-14,1.5625,1.7265625,1.5546875,1.7265625,1.165030837059021,17100800,0.08495640038582626
1993-06-15,1.7421875,1.8203125,1.71875,1.78125,1.2019319534301758,34841600,0.031182667141654328
1993-06-16,1.78125,1.7890625,1.640625,1.65625,1.117586374282837,26976000,-0.07275888644576216
1993-06-17,1.6796875,1.734375,1.640625,1.7265625,1.165030837059021,6156800,0.04157621930410782
1993-06-18,1.734375,1.765625,1.6796875,1.6796875,1.1334015130996704,7856000,-0.027524256484004365
1993-06-21,1.703125,1.7109375,1.609375,1.609375,1.08595609664917,8265600,-0.04276250572556377
1993-06-22,1.6328125,1.6484375,1.5859375,1.6484375,1.112315058708191,6371200,0.023982687839198418
1993-06-23,1.6484375,1.671875,1.625,1.65625,1.117586374282837,2729600,0.004727855066261936
1993-06-24,1.65625,1.7421875,1.6484375,1.734375,1.170302152633667,4550400,0.0460906286412877
1993-06-25,1.734375,1.75,1.6796875,1.7265625,1.165030837059021,6073600,-0.0045144093371797655
1993-06-28,1.7265625,1.8125,1.7265625,1.765625,1.191388726234436,8233600,0.022372067301689127
1993-06-29,1.7578125,1.7578125,1.734375,1.75,1.180845856666565,54995200,-0.008888614184746759
1993-06-30,1.7578125,1.8125,1.7421875,1.8125,1.2230186462402344,25257600,0.03509109353849806
1993-07-01,1.8203125,1.875,1.765625,1.87109375,1.262555718421936,23779200,0.03181591169569165
1993-07-02,1.84375,1.875,1.8203125,1.8515625,1.2493764162063599,9260800,-0.010493454793302704
1993-07-06,1.8515625,1.8515625,1.8203125,1.84375,1.2441051006317139,8489600,-0.0042280830171402455
1993-07-07,1.8203125,1.8515625,1.8203125,1.828125,1.2335622310638428,9708800,-0.008510370270267041
1993-07-08,1.8359375,1.8828125,1.8359375,1.87890625,1.2678276300430298,8176000,0.027398801806364656
1993-07-09,1.8828125,1.9140625,1.8359375,1.8984375,1.2810063362121582,8604800,0.0103410608811188
1993-07-12,1.9140625,1.9140625,1.8671875,1.8671875,1.2599198818206787,9161600,-0.016597836118698736
1993-07-13,1.890625,1.890625,1.84375,1.8671875,1.2599198818206787,4982400,0.0
1993-07-14,1.8671875,1.875,1.8359375,1.859375,1.2546483278274536,4560000,-0.004192816640007002
1993-07-15,1.8515625,1.875,1.8515625,1.875,1.2651914358139038,5836800,0.008368126943955119
1993-07-16,1.8671875,1.90625,1.84375,1.875,1.2651914358139038,8358400,0.0
1993-07-19,1.9609375,2.0078125,1.9453125,1.984375,1.3389949798583984,18486400,0.05669587414072379
1993-07-20,1.984375,2.03125,1.9453125,2.0234375,1.3653525114059448,15804800,0.01949332788055959
1993-07-21,2.03125,2.03125,1.9921875,2.015625,1.360081434249878,17628800,-0.0038680693301001395
1993-07-22,2.015625,2.0703125,2.015625,2.05078125,1.3838032484054565,9420800,0.017291109452567396
1993-07-23,2.046875,2.1953125,2.03125,2.17578125,1.468149185180664,13635200,0.05916686427852937
1993-07-26,2.1796875,2.203125,2.1171875,2.1171875,1.4286128282546997,12816000,-0.027298626514227615
1993-07-27,2.109375,2.1328125,2.0625,2.109375,1.423340916633606,13056000,-0.003697056893261176
1993-07-28,2.1015625,2.1015625,2.0234375,2.0625,1.3917113542556763,11318400,-0.02247268644228621
1993-07-29,2.078125,2.140625,2.0625,2.1328125,1.4391555786132812,6422400,0.033522357883644494
1993-07-30,2.1328125,2.140625,2.0859375,2.1015625,1.4180688858032227,6428800,-0.014760531364293386
1993-08-02,2.125,2.15625,2.0234375,2.046875,1.3811678886413574,12534400,-0.026366569101524302
1993-08-03,2.046875,2.09375,2.0234375,2.0625,1.3917113542556763,6124800,0.007604742582173143
1993-08-04,2.078125,2.1171875,2.0625,2.1171875,1.4286128282546997,8345600,0.026169743335547304
1993-08-05,2.09375,2.1171875,2.0859375,2.1171875,1.4286128282546997,11334400,0.0
1993-08-06,2.1484375,2.2421875,2.1328125,2.21875,1.4971438646316528,13388800,0.04685527948122929
1993-08-09,2.21875,2.234375,2.171875,2.1875,1.4760576486587524,9040000,-0.014184420005905467
1993-08-10,2.1875,2.28125,2.1875,2.2734375,1.5340451002120972,14364800,0.03853332013946113
1993-08-11,2.2890625,2.375,2.2734375,2.359375,1.5920330286026,20505600,0.03710373090475525
1993-08-12,2.3671875,2.3671875,2.2890625,2.328125,1.5709466934204102,13046400,-0.0133334067417721
1993-08-13,2.34375,2.3671875,2.28125,2.3671875,1.597304344177246,7740800,0.016638996435463925
1993-08-16,2.359375,2.484375,2.359375,2.4296875,1.6394777297973633,20806400,0.02606031016678769
1993-08-17,2.421875,2.4609375,2.328125,2.3515625,1.5867620706558228,13014400,-0.032682227344972684
1993-08-18,2.390625,2.43359375,2.3671875,2.40625,1.623663067817688,6320000,0.022989243326718943
1993-08-19,2.421875,2.4609375,2.3984375,2.44921875,1.6526564359664917,5273600,0.017699204847216092
1993-08-20,2.4609375,2.4609375,2.40625,2.42578125,1.6368423700332642,4790400,-0.009614952730707052
1993-08-23,2.4453125,2.453125,2.421875,2.4375,1.6447498798370361,4822400,0.004819322150078562
1993-08-24,2.421875,2.5625,2.421875,2.53125,1.7080085277557373,18601600,0.03773976425967195
1993-08-25,2.53125,2.578125,2.4609375,2.515625,1.697464942932129,16393600,-0.006192160123163186
1993-08-26,2.515625,2.55859375,2.4375,2.51171875,1.6948295831680298,9113600,-0.001553733187957801
1993-08-27,2.5078125,2.53125,2.4296875,2.4453125,1.650020956993103,9788800,-0.02679420583425012
1993-08-30,2.4375,2.4921875,2.359375,2.359375,1.5920330286026,18345600,-0.03577615522311401
1993-08-31,2.359375,2.453125,2.3203125,2.4375,1.6447498798370361,20259200,0.0325764901088132
1993-09-01,2.453125,2.4609375,2.40625,2.4296875,1.6394777297973633,8041600,-0.0032105902483338744
1993-09-02,2.4375,2.5390625,2.421875,2.4921875,1.681650161743164,12448000,0.025397816789663758
1993-09-03,2.5078125,2.515625,2.46875,2.484375,1.6763792037963867,3510400,-0.003139318750326315
1993-09-07,2.4921875,2.4921875,2.3984375,2.3984375,1.6183913946151733,11286400,-0.035203542076726484
1993-09-08,2.390625,2.4140625,2.15625,2.2421875,1.5129581689834595,42675200,-0.06736590294642798
1993-09-09,2.2578125,2.36328125,2.2578125,2.3359375,1.5762189626693726,22998400,0.040962130795613984
1993-09-10,2.3671875,2.390625,2.34375,2.37890625,1.6052120923995972,9875200,0.018226975159948533
1993-09-13,2.3671875,2.390625,2.30078125,2.3046875,1.5551320314407349,16604800,-0.03169544294320773
1993-09-14,2.28125,2.28125,2.140625,2.2265625,1.5024149417877197,27891200,-0.03448667500390003
1993-09-15,2.265625,2.296875,2.2109375,2.2890625,1.5445888042449951,18265600,0.02768395410502706
1993-09-16,2.2890625,2.3125,2.265625,2.30859375,1.5577678680419922,6857600,0.008496213986551444
1993-09-17,2.328125,2.4375,2.3203125,2.3828125,1.6078482866287231,23379200,0.031642874400774526
1993-09-20,2.41015625,2.4609375,2.390625,2.44140625,1.6473853588104248,12678400,0.024292582838692803
1993-09-21,2.4140625,2.453125,2.3359375,2.375,1.6025763750076294,15664000,-0.027576831444671625
1993-09-22,2.3828125,2.4765625,2.359375,2.45703125,1.6579290628433228,11724800,0.03395670243482529
1993-09-23,2.4921875,2.5390625,2.46875,2.5078125,1.6921935081481934,13081600,0.02045635013955143
1993-09-24,2.5078125,2.609375,2.5078125,2.5703125,1.7343672513961792,18326400,0.02461702911669323
1993-09-27,2.578125,2.59375,2.53125,2.53515625,1.7106447219848633,16057600,-0.013772320422246033
1993-09-28,2.5546875,2.640625,2.4921875,2.625,1.7712690830230713,18163200,0.03482595586812368
1993-09-29,2.65625,2.703125,2.640625,2.6796875,1.8081696033477783,12057600,0.020618779006654327
1993-09-30,2.671875,2.7109375,2.5859375,2.5859375,1.7449100017547607,22204800,-0.03561208533303016
1993-10-01,2.5546875,2.578125,2.515625,2.515625,1.697464942932129,10403200,-0.0275670513367411
1993-10-04,2.5078125,2.5859375,2.484375,2.5859375,1.7449100017547607,12585600,0.027567051336741154
1993-10-05,2.59375,2.6015625,2.4296875,2.46875,1.6658357381820679,16515200,-0.04637603704439714
1993-10-06,2.4921875,2.546875,2.4140625,2.4296875,1.6394777297973633,10524800,-0.015949208677186497
1993-10-07,2.4296875,2.47265625,2.375,2.47265625,1.6684718132019043,17129600,0.017530391893447014
1993-10-08,2.484375,2.546875,2.4140625,2.4765625,1.6711076498031616,18384000,0.0015785443513403018
1993-10-11,2.484375,2.5546875,2.4765625,2.5390625,1.7132800817489624,9292800,0.024923039702758932
1993-10-12,2.5390625,2.640625,2.5234375,2.6015625,1.7554535865783691,12140800,0.024317567790502308
1993-10-13,2.625,2.6640625,2.609375,2.625,1.7712690830230713,10105600,0.008969008309910993
1993-10-14,2.6171875,2.6875,2.6171875,2.671875,1.8028980493545532,11664000,0.01769911189156147
1993-10-15,2.6953125,2.6953125,2.625,2.671875,1.8028980493545532,15958400,0.0
1993-10-18,2.65625,2.7109375,2.65625,2.6953125,1.8187135457992554,11814400,0.008734010573332776
1993-10-19,2.6796875,2.703125,2.4921875,2.5625,1.7290945053100586,18281600,-0.05053154404096329
1993-10-20,2.5859375,2.609375,2.46875,2.5234375,1.7027374505996704,14512000,-0.015360643114903823
1993-10-21,2.5234375,2.5390625,2.4296875,2.4609375,1.6605638265609741,23440000,-0.025080021780417332
1993-10-22,2.4609375,2.515625,2.421875,2.4375,1.6447498798370361,20204800,-0.009568875328235362
1993-10-25,2.4375,2.4375,2.2421875,2.3046875,1.5551320314407349,31372800,-0.056027874219796346
1993-10-26,2.3046875,2.3203125,2.1796875,2.28125,1.5393164157867432,32502400,-0.010222017679388592
1993-10-27,2.375,2.4296875,2.3046875,2.4296875,1.6394777297973633,19552000,0.0630393016508509
1993-10-28,2.421875,2.4765625,2.359375,2.38671875,1.6104834079742432,17750400,-0.017843346347644836
1993-10-29,2.375,2.40625,2.359375,2.390625,1.6131200790405273,8806400,0.0016358535811779745
1993-11-01,2.3984375,2.5078125,2.3984375,2.4921875,1.681650161743164,12188800,0.041605309556130475
1993-11-02,2.5078125,2.53125,2.40625,2.4609375,1.6605638265609741,13923200,-0.012618351213094453
1993-11-03,2.453125,2.46875,2.296875,2.30078125,1.5524954795837402,28937600,-0.06729357613374218
1993-11-04,2.3125,2.328125,2.1484375,2.1796875,1.4707858562469482,30166400,-0.054066769088539225
1993-11-05,2.15625,2.21875,2.078125,2.1796875,1.4707858562469482,52256000,0.0
1993-11-08,2.2578125,2.34375,2.25,2.2734375,1.5340451002120972,30323200,0.04211124888047738
1993-11-09,2.3203125,2.3828125,2.3046875,2.34375,1.5814900398254395,22876800,0.030459362902929714
1993-11-10,2.3515625,2.3828125,2.3125,2.3828125,1.6078482866287231,12211200,0.016529351379295388
1993-11-11,2.4296875,2.4375,2.3125,2.32421875,1.5683104991912842,15516800,-0.024897892426345623
1993-11-12,2.3203125,2.3671875,2.265625,2.296875,1.549859642982483,21619200,-0.011834550851315592
1993-11-15,2.28125,2.28125,2.140625,2.1796875,1.4707858562469482,29686400,-0.05236751988504135
1993-11-16,2.1796875,2.1953125,1.9921875,2.0625,1.3917113542556763,66204800,-0.055262674069854814
1993-11-17,2.078125,2.09375,1.9296875,1.953125,1.3179080486297607,40716800,-0.05448851214978218
1993-11-18,1.90625,1.9296875,1.71875,1.7265625,1.165030837059021,82540800,-0.12329811156587742
1993-11-19,1.6796875,1.8125,1.6640625,1.6953125,1.1439446210861206,50617600,-0.018265072601518315
1993-11-22,1.6484375,1.75,1.625,1.75,1.180845856666565,29747200,0.031748525718460555
1993-11-23,1.796875,1.84375,1.7578125,1.8046875,1.2177470922470093,22988800,0.030771496530977736
1993-11-24,1.8359375,1.84375,1.75,1.828125,1.2335622310638428,19056000,0.012903600622502088
1993-11-26,1.8125,1.8359375,1.734375,1.75,1.180845856666565,9910400,-0.0436750971534797
1993-11-29,1.734375,1.75,1.578125,1.609375,1.08595609664917,40832000,-0.08377021532651041
1993-11-30,1.609375,1.671875,1.6015625,1.6484375,1.112315058708191,28118400,0.023982687839198418
1993-12-01,1.6875,1.7734375,1.671875,1.76953125,1.1940244436264038,21532800,0.07088600493423544
1993-12-02,1.765625,1.84375,1.71875,1.828125,1.2335622310638428,18528000,0.0325766197065562
1993-12-03,1.8828125,1.890625,1.8203125,1.8515625,1.2493764162063599,21232000,0.012738453287407199
1993-12-06,1.8125,1.8671875,1.796875,1.8203125,1.2282905578613281,11644800,-0.017021147430409323
1993-12-07,1.8203125,1.8359375,1.7578125,1.765625,1.191388726234436,13177600,-0.03050378882573099
1993-12-08,1.78125,1.7890625,1.7265625,1.7265625,1.165030837059021,13888000,-0.02237206730168897
1993-12-09,1.7109375,1.7265625,1.625,1.65625,1.117586374282837,10368000,-0.04157621930410783
1993-12-10,1.625,1.6796875,1.609375,1.65625,1.117586374282837,13385600,0.0
1993-12-13,1.625,1.7421875,1.625,1.70703125,1.1518512964248657,15680000,0.030199134035448626
1993-12-14,1.7109375,1.71875,1.6328125,1.671875,1.1281293630599976,10131200,-0.020809640913212756
1993-12-15,1.65625,1.7265625,1.65625,1.7109375,1.1544874906539917,8812800,0.02309568439646547
1993-12-16,1.7109375,1.734375,1.6796875,1.703125,1.1492160558700562,10304000,-0.004576495089771401
1993-12-17,1.6875,1.7734375,1.6875,1.75,1.180845856666565,17824000,0.027150989992120088
1993-12-20,1.7734375,1.828125,1.7734375,1.80859375,1.2203830480575562,22886400,0.032933773920518
1993-12-21,1.8203125,1.8203125,1.7578125,1.7734375,1.1966606378555298,11580800,-0.0196299074677183
1993-12-22,1.78125,1.78125,1.7265625,1.765625,1.191388726234436,5363200,-0.004415252268052895
1993-12-23,1.78125,1.7890625,1.7421875,1.765625,1.191388726234436,4003200,0.0
1993-12-27,1.765625,1.765625,1.703125,1.703125,1.1492160558700562,7116800,-0.03603960417686693
1993-12-28,1.7109375,1.734375,1.640625,1.64453125,1.1096781492233276,13104000,-0.03501000174641721
1993-12-29,1.65625,1.7109375,1.65625,1.6953125,1.1439446210861206,11276800,0.03041246602007676
1993-12-30,1.71875,1.71875,1.671875,1.6953125,1.1439446210861206,5097600,0.0
1993-12-31,1.6796875,1.71875,1.63671875,1.65625,1.117586374282837,7526400,-0.023311146702589606
1994-01-03,1.65625,1.6796875,1.609375,1.66015625,1.1202220916748047,8272000,0.002355624845339408
1994-01-04,1.640625,1.6953125,1.625,1.69140625,1.1413084268569946,13232000,0.01864838532298861
1994-01-05,1.671875,1.6875,1.6328125,1.640625,1.1070430278778076,11913600,-0.03048282523403092
1994-01-06,1.6640625,1.6640625,1.640625,1.65625,1.117586374282837,6377600,0.009478815065702823
1994-01-07,1.640625,1.65625,1.59375,1.609375,1.08595609664917,17513600,-0.028710542905460233
1994-01-10,1.59375,1.609375,1.484375,1.484375,1.0016101598739624,24227200,-0.08085192907995899
1994-01-11,1.484375,1.53125,1.4375,1.5234375,1.027968406677246,22883200,0.02597556880009331
1994-01-12,1.53125,1.609375,1.4921875,1.5078125,1.0174250602722168,38659200,-0.01030944897233502
1994-01-13,1.546875,1.640625,1.53125,1.640625,1.1070430278778076,16124800,0.08441753709195819
1994-01-14,1.6484375,1.71875,1.6328125,1.69140625,1.1413084268569946,28188800,0.030482825234030994
1994-01-17,1.5234375,1.6015625,1.4609375,1.59375,1.0754125118255615,55145600,-0.05947102720601652
1994-01-18,1.59375,1.609375,1.50390625,1.5390625,1.0385113954544067,17984000,-0.03491598263615345
1994-01-19,1.5390625,1.5546875,1.484375,1.51953125,1.025333046913147,10380800,-0.012770853636195605
1994-01-20,1.5390625,1.546875,1.4921875,1.5390625,1.0385113954544067,10262400,0.01277085363619556
1994-01-21,1.546875,1.5546875,1.50390625,1.51171875,1.0200607776641846,9740800,-0.0179261258016729
1994-01-24,1.51171875,1.5390625,1.484375,1.5,1.0121536254882812,8441600,-0.007781848279875126
1994-01-25,1.515625,1.546875,1.4921875,1.5234375,1.027968406677246,6745600,0.015504070570064166
1994-01-26,1.5390625,1.5546875,1.5234375,1.5546875,1.0490548610687256,10697600,0.020305192735092594
1994-01-27,1.5546875,1.578125,1.546875,1.5546875,1.0490548610687256,7769600,0.0
1994-01-28,1.5546875,1.578125,1.5390625,1.546875,1.0437833070755005,4291200,-0.005037718847245044
1994-01-31,1.546875,1.5703125,1.546875,1.5703125,1.059598445892334,3644800,0.01503810407760213
1994-02-01,1.5390625,1.546875,1.515625,1.546875,1.0437833070755005,4595200,-0.015038104077602109
1994-02-02,1.53125,1.5546875,1.53125,1.5546875,1.0490548610687256,2812800,0.005037718847245031
1994-02-03,1.5546875,1.5546875,1.5,1.5078125,1.0174250602722168,4659200,-0.0306146417074278
1994-02-04,1.5234375,1.5234375,1.3984375,1.4296875,0.9647087454795837,15763200,-0.05320402613942991
1994-02-07,1.36328125,1.4609375,1.3515625,1.44921875,0.9778876900672913,24182400,0.013568589481760129
1994-02-08,1.4609375,1.5,1.4140625,1.46875,0.9910672307014465,17526400,0.013387546193167612
1994-02-09,1.4765625,1.4765625,1.4453125,1.453125,0.9805235266685486,6956800,-0.01069573339072178
1994-02-10,1.46875,1.46875,1.4140625,1.421875,0.9594371914863586,3040000,-0.02173978623447377
1994-02-11,1.3984375,1.4609375,1.3984375,1.4453125,0.9752520322799683,4364800,0.01634907856340379
1994-02-14,1.4453125,1.4609375,1.4375,1.453125,0.9805235266685486,5248000,0.0053907076710700014
1994-02-15,1.453125,1.453125,1.390625,1.39453125,0.9409864544868469,8656000,-0.041157895236031694
1994-02-16,1.40625,1.40625,1.359375,1.375,0.9278075098991394,9187200,-0.014104458081946604
1994-02-17,1.375,1.3828125,1.234375,1.3125,0.8856345415115356,77347200,-0.04651990244578799
1994-02-18,1.328125,1.359375,1.25,1.328125,0.8961777687072754,33936000,0.011834411723539252
1994-02-22,1.328125,1.375,1.28125,1.296875,0.8750907778739929,51516800,-0.02381116875276476
1994-02-23,1.328125,1.359375,1.3046875,1.328125,0.8961777687072754,22358400,0.0238111687527648
1994-02-24,1.3125,1.359375,1.265625,1.3046875,0.8803622126579285,10878400,-0.017805367791695115
1994-02-25,1.328125,1.375,1.296875,1.328125,0.8961777687072754,7219200,0.017805367791695125
1994-02-28,1.375,1.40625,1.328125,1.40625,0.9488941431045532,8486400,0.05715845078986207
1994-03-01,1.5,1.625,1.484375,1.578125,1.0648698806762695,42281600,0.11531064624976435
1994-03-02,1.546875,1.703125,1.5078125,1.703125,1.1492160558700562,27968000,0.0762274054424158
1994-03-03,1.75,1.75,1.609375,1.640625,1.1070430278778076,15848000,-0.037387497494632806
1994-03-04,1.703125,1.703125,1.59375,1.609375,1.08595609664917,11939200,-0.019231727839757407
1994-03-07,1.65625,1.65625,1.578125,1.578125,1.0648698806762695,7715200,-0.019608180108025577
1994-03-08,1.59375,1.59375,1.515625,1.5625,1.0543262958526611,5595200,-0.009950633110877006
1994-03-09,1.578125,1.578125,1.5,1.5390625,1.0385113954544067,5635200,-0.015113643549479128
1994-03-10,1.578125,1.578125,1.53125,1.5546875,1.0490548610687256,3537600,0.010101289223608733
1994-03-11,1.578125,1.625,1.546875,1.59375,1.0754125118255615,7929600,0.02481469341254469
1994-03-14,1.625,1.671875,1.59375,1.671875,1.1281293630599976,12238400,0.04785651015992443
1994-03-15,1.671875,1.734375,1.65625,1.7109375,1.1544874906539917,17208000,0.02309568439646547
1994-03-16,1.734375,1.796875,1.671875,1.796875,1.2124751806259155,18041600,0.04900735957261949
1994-03-17,1.796875,1.8125,1.75,1.75,1.180845856666565,8316800,-0.026432864670270787
1994-03-18,1.734375,1.796875,1.734375,1.78125,1.2019319534301758,6020800,0.017699214024712008
1994-03-21,1.78125,1.78125,1.71875,1.7265625,1.165030837059021,6169600,-0.03118266714165431
1994-03-22,1.765625,1.765625,1.671875,1.6875,1.1386725902557373,3107200,-0.022884366786001364
1994-03-23,1.71875,1.71875,1.640625,1.640625,1.1070430278778076,2766400,-0.028170667583809414
1994-03-24,1.75,1.765625,1.640625,1.671875,1.1281293630599976,9888000,0.018868308187938932
1994-03-25,1.6875,1.6875,1.625,1.625,1.0964994430541992,7046400,-0.02843804911886762
1994-03-28,1.671875,1.671875,1.5234375,1.53125,1.0332398414611816,7006400,-0.059423438220687894
1994-03-29,1.53125,1.578125,1.453125,1.453125,0.9805235266685486,7643200,-0.05236798179556546
1994-03-30,1.453125,1.5,1.40625,1.484375,1.0016101598739624,8185600,0.021277504027465786
1994-03-31,1.5,1.53125,1.453125,1.53125,1.0332398414611816,7176000,0.031090477768099804
1994-04-04,1.453125,1.53125,1.390625,1.4609375,0.9857955574989319,9300800,-0.04700563393876858
1994-04-05,1.53125,1.53125,1.453125,1.453125,0.9805235266685486,6884800,-0.005362347856796757
1994-04-06,1.46875,1.5,1.421875,1.453125,0.9805235266685486,5206400,0.0
1994-04-07,1.46875,1.5,1.4296875,1.453125,0.9805235266685486,3907200,0.0
1994-04-08,1.4453125,1.46875,1.390625,1.421875,0.9594371914863586,3348800,-0.02173978623447377
1994-04-11,1.40625,1.421875,1.375,1.375,0.9278075098991394,4188800,-0.03352256708350463
1994-04-12,1.359375,1.390625,1.34375,1.359375,0.9172638058662415,4246400,-0.011429172104106506
1994-04-13,1.34375,1.375,1.234375,1.28125,0.8645472526550293,9372800,-0.05918915191775061
1994-04-14,1.265625,1.328125,1.25,1.296875,0.8750907778739929,7780800,0.012121664546843562
1994-04-15,1.328125,1.421875,1.296875,1.421875,0.9594371914863586,12334400,0.09201922655851806
1994-04-18,1.4375,1.4765625,1.328125,1.375,0.9278075098991394,9435200,-0.03352256708350463
1994-04-19,1.359375,1.359375,1.25,1.3046875,0.8803622126579285,7129600,-0.05249085851394388
1994-04-20,1.3125,1.328125,1.21875,1.28125,0.8645472526550293,6638400,-0.018127465507913137
1994-04-21,1.328125,1.328125,1.21875,1.25,0.8434611558914185,6092800,-0.02469211275237504
1994-04-22,1.296875,1.328125,1.25,1.3125,0.8856345415115356,3420800,0.04879053432844407
1994-04-25,1.3125,1.390625,1.265625,1.3671875,0.9225356578826904,4036800,0.040821644551738256
1994-04-26,1.390625,1.40625,1.359375,1.390625,0.938351035118103,4379200,0.016998088163456777
1994-04-28,1.390625,1.390625,1.328125,1.328125,0.8961777687072754,3798400,-0.04598532099165568
1994-04-29,1.359375,1.359375,1.28125,1.328125,0.8961777687072754,3161600,0.0
1994-05-02,1.328125,1.359375,1.296875,1.328125,0.8961777687072754,6243200,0.0
1994-05-03,1.328125,1.359375,1.296875,1.328125,0.8961777687072754,1499200,0.0
1994-05-04,1.328125,1.34375,1.28125,1.2890625,0.8698192238807678,1284800,-0.029853394456043836
1994-05-05,1.3125,1.3125,1.28125,1.3125,0.8856345415115356,1574400,0.018018982732504647
1994-05-06,1.296875,1.3125,1.25,1.28125,0.8645472526550293,3056000,-0.024098421576069062
1994-05-09,1.28125,1.296875,1.234375,1.234375,0.8329178690910339,4024000,-0.03727092179470397
1994-05-10,1.2734375,1.28125,1.09375,1.203125,0.811831533908844,13409600,-0.025642192695440227
1994-05-11,1.140625,1.171875,1.046875,1.0546875,0.711670458316803,20076800,-0.13167788325502705
1994-05-12,1.109375,1.15625,1.0625,1.078125,0.7274855971336365,11553600,0.021979236269170838
1994-05-13,1.09375,1.109375,1.0625,1.0703125,0.7222135066986084,9982400,-0.0072733902686040845
1994-05-16,1.078125,1.140625,1.0625,1.078125,0.7274855971336365,4636800,0.007273390268604146
1994-05-17,1.109375,1.109375,1.03125,1.078125,0.7274855971336365,7995200,0.0
1994-05-18,1.125,1.15625,1.0625,1.125,0.7591149806976318,8428800,0.04255905454720319
1994-05-19,1.15625,1.171875,1.125,1.140625,0.7696582078933716,6616000,0.013793274806055864
1994-05-20,1.171875,1.1875,1.078125,1.125,0.7591149806976318,7192000,-0.013793274806055843
1994-05-23,1.125,1.125,1.078125,1.09375,0.7380288243293762,3371200,-0.028170374447788898
1994-05-24,1.09375,1.15625,1.09375,1.15625,0.78020179271698,10216000,0.055569713641215886
1994-05-25,1.15625,1.171875,1.078125,1.1171875,0.7538434267044067,9857600,-0.034367905282276595
1994-05-26,1.125,1.125,1.078125,1.0859375,0.732757031917572,4126400,-0.028370513396440717
1994-05-27,1.078125,1.109375,1.046875,1.0625,0.7169420719146729,14929600,-0.021819131130069776
1994-05-31,1.078125,1.078125,1.015625,1.0234375,0.6905839443206787,10473600,-0.03745750922547321
1994-06-01,1.03125,1.03125,0.96875,1.03125,0.6958556771278381,17868800,0.007604742582173143
1994-06-02,1.03125,1.078125,1.015625,1.046875,0.7063989043235779,7486400,0.015037819833973698
1994-06-03,1.09375,1.140625,1.046875,1.125,0.7591149806976318,19928000,0.07197315742468641
1994-06-06,1.125,1.140625,1.109375,1.140625,0.7696582078933716,4779200,0.013793274806055864
1994-06-07,1.140625,1.140625,1.109375,1.12890625,0.7617512941360474,7276800,-0.010326413685450677
1994-06-08,1.140625,1.140625,1.09375,1.1171875,0.7538434267044067,8956800,-0.01043542720945484
1994-06-09,1.09375,1.140625,1.09375,1.109375,0.7485719323158264,4276800,-0.007017388353033785
1994-06-10,1.1484375,1.171875,1.125,1.140625,0.7696582078933716,10726400,0.027779229247939297
1994-06-13,1.15625,1.15625,1.125,1.125,0.7591149806976318,1382400,-0.013793274806055843
1994-06-14,1.125,1.1875,1.109375,1.125,0.7591149806976318,12236800,0.0
1994-06-15,1.140625,1.140625,1.109375,1.109375,0.7485719323158264,10262400,-0.013985954441883405
1994-06-16,1.125,1.125,1.09375,1.1015625,0.7433003783226013,3700800,-0.00706706049242302
1994-06-17,1.09375,1.109375,1.078125,1.09375,0.7380288243293762,6361600,-0.007117359513482338
1994-06-20,1.078125,1.078125,1.03125,1.03125,0.6958556771278381,4281600,-0.05884060281087122
1994-06-21,1.03125,1.046875,1.0,1.0234375,0.6905839443206787,5204800,-0.007604742582173182
1994-06-22,1.046875,1.078125,1.03125,1.0546875,0.711670458316803,3894400,0.03007742902445934
1994-06-23,1.078125,1.078125,1.015625,1.015625,0.6853120923042297,4611200,-0.03774062111892542
1994-06-24,1.046875,1.046875,0.96875,1.0,0.6747689843177795,5756800,-0.015503956869075089
1994-06-27,0.96875,1.078125,0.96875,1.078125,0.7274855971336365,4393600,0.07522381425717135
1994-06-28,1.109375,1.125,1.015625,1.03125,0.6958556771278381,4331200,-0.04445192271145694
1994-06-29,1.0625,1.0625,1.015625,1.0234375,0.6905839443206787,3907200,-0.007604742582173182
1994-06-30,1.046875,1.046875,1.0,1.0,0.6747689843177795,2745600,-0.023167148963541224
1994-07-01,1.03125,1.03125,1.0,1.0,0.6747689843177795,3904000,0.0
1994-07-05,1.03125,1.03125,0.984375,0.984375,0.664225697517395,6072000,-0.01574838921684459
1994-07-06,1.0,1.0,0.9375,0.953125,0.6431391835212708,14564800,-0.032260837209959356
1994-07-07,0.953125,0.984375,0.953125,0.984375,0.664225697517395,4348800,0.03226083720995948
1994-07-08,0.984375,0.984375,0.953125,0.953125,0.6431391835212708,10705600,-0.032260837209959356
1994-07-11,0.984375,0.984375,0.953125,0.953125,0.6431391835212708,4740800,0.0
1994-07-12,0.953125,0.984375,0.953125,0.98046875,0.6615896224975586,5033600,0.02828429771203845
1994-07-13,0.984375,1.03125,0.96875,1.03125,0.6958556771278381,9326400,0.05049682026047985
1994-07-14,1.03125,1.21875,1.015625,1.21875,0.8223749399185181,30441600,0.16705414396390075
1994-07-15,1.203125,1.21875,1.171875,1.1875,0.8012881875038147,12488000,-0.025975755337322267
1994-07-18,1.21875,1.21875,1.078125,1.171875,0.7907450199127197,11024000,-0.013245102773316617
1994-07-19,1.1875,1.1875,1.0859375,1.0859375,0.732757031917572,16715200,-0.0761613880798922
1994-07-20,1.078125,1.109375,1.015625,1.0234375,0.6905839443206787,11016000,-0.059276640355542955
1994-07-21,1.046875,1.09375,1.015625,1.09375,0.7380288243293762,8923200,0.06644534539304442
1994-07-22,1.078125,1.171875,1.078125,1.140625,0.7696582078933716,9137600,0.041963649253844694
1994-07-25,1.1875,1.21875,1.140625,1.15625,0.78020179271698,6449600,0.013606064387371093
1994-07-26,1.15625,1.171875,1.15234375,1.1640625,0.7854733467102051,5936000,0.006733930661228265
1994-07-27,1.171875,1.171875,1.15625,1.15625,0.78020179271698,3411200,-0.006733930661228356
1994-07-28,1.15625,1.171875,1.15234375,1.171875,0.7907450199127197,7664000,0.013422969401174854
1994-07-29,1.15625,1.171875,1.109375,1.125,0.7591149806976318,3705600,-0.04082230859460184
1994-08-01,1.125,1.140625,1.09375,1.11328125,0.7512074708938599,5723200,-0.010471382518455719
1994-08-02,1.09375,1.125,1.09375,1.109375,0.7485719323158264,1441600,-0.0035145719234277633
1994-08-03,1.125,1.140625,1.09375,1.09375,0.7380288243293762,2580800,-0.014184420005905467
1994-08-04,1.09375,1.140625,1.09375,1.1171875,0.7538434267044067,2856000,0.021201808358939245
1994-08-05,1.125,1.140625,1.09375,1.109375,0.7485719323158264,1939200,-0.007017388353033785
1994-08-08,1.140625,1.15625,1.109375,1.1484375,0.7749298214912415,952000,0.03460517113811955
1994-08-09,1.109375,1.171875,1.109375,1.15625,0.78020179271698,2604800,0.006780122497190994
1994-08-10,1.15625,1.171875,1.125,1.1640625,0.7854733467102051,5161600,0.006733930661228265
1994-08-11,1.15625,1.203125,1.15625,1.171875,0.7907450199127197,3972800,0.006689038739946426
1994-08-12,1.1875,1.359375,1.1875,1.34375,0.9067203998565674,20528000,0.13685856917652114
1994-08-15,1.34375,1.359375,1.28125,1.29296875,0.8724550008773804,8731200,-0.038523055592632464
1994-08-16,1.296875,1.375,1.296875,1.359375,0.9172638058662415,9584000,0.05008403666805735
1994-08-17,1.359375,1.4375,1.34375,1.421875,0.9594371914863586,9716800,0.04495173918761099
1994-08-18,1.40625,1.4375,1.375,1.4140625,0.954166054725647,6787200,-0.005509135817966741
1994-08-19,1.40625,1.4375,1.34375,1.359375,0.9172638058662415,3244800,-0.039442603369644426
1994-08-22,1.359375,1.375,1.328125,1.3515625,0.9119921922683716,1782400,-0.00576368556052573
1994-08-23,1.359375,1.390625,1.34375,1.375,0.9278075098991394,3276800,0.017192857664632057
1994-08-24,1.390625,1.421875,1.359375,1.3984375,0.9436224102973938,4984000,0.01690181044370679
1994-08-25,1.40625,1.40625,1.359375,1.375,0.9278075098991394,1496000,-0.016901810443706724
1994-08-26,1.375,1.4375,1.375,1.4140625,0.954166054725647,5752000,0.02801343126553798
1994-08-29,1.390625,1.46875,1.390625,1.4375,0.9699806571006775,7875200,0.01643841230666598
1994-08-30,1.46875,1.46875,1.40625,1.4375,0.9699806571006775,5179200,0.0
1994-08-31,1.453125,1.453125,1.40625,1.40625,0.9488941431045532,3470400,-0.021978883504590714
1994-09-01,1.390625,1.421875,1.328125,1.34375,0.9067203998565674,5916800,-0.04546311324714466
1994-09-02,1.359375,1.375,1.265625,1.265625,0.8540042638778687,16134400,-0.05989794680621033
1994-09-06,1.265625,1.328125,1.265625,1.3125,0.8856345415115356,5492800,0.03636819753995362
1994-09-07,1.328125,1.359375,1.296875,1.3515625,0.9119921922683716,11544000,0.029327044781155956
1994-09-08,1.3515625,1.46875,1.328125,1.453125,0.9805235266685486,18230400,0.07245521098261062
1994-09-09,1.46875,1.578125,1.4375,1.54296875,1.0411475896835327,46308800,0.05999219548789457
1994-09-12,1.5625,1.5625,1.5,1.53515625,1.0358762741088867,15774400,-0.005075846247260057
1994-09-13,1.53125,1.578125,1.53125,1.5625,1.0543262958526611,8921600,0.01765427064788775
1994-09-14,1.5625,1.5625,1.515625,1.5625,1.0543262958526611,3945600,0.0
1994-09-15,1.546875,1.609375,1.546875,1.609375,1.08595609664917,5156800,0.02955881321890255
1994-09-16,1.59375,1.65625,1.59375,1.640625,1.1070430278778076,20884800,0.019231727839757323
1994-09-19,1.640625,1.671875,1.640625,1.640625,1.1070430278778076,8356800,0.0
1994-09-20,1.59375,1.640625,1.515625,1.5625,1.0543262958526611,9616000,-0.04879054105865998
1994-09-21,1.609375,1.6484375,1.546875,1.5625,1.0543262958526611,11345600,0.0
1994-09-22,1.609375,1.609375,1.578125,1.609375,1.08595609664917,6513600,0.02955881321890255
1994-09-23,1.609375,1.703125,1.578125,1.625,1.0964994430541992,18179200,0.009661986908828543
1994-09-26,1.640625,1.640625,1.546875,1.609375,1.08595609664917,4172800,-0.009661986908828584
1994-09-27,1.578125,1.609375,1.53125,1.578125,1.0648698806762695,7121600,-0.019608180108025577
1994-09-28,1.59375,1.609375,1.546875,1.578125,1.0648698806762695,3299200,0.0
1994-09-29,1.578125,1.578125,1.515625,1.546875,1.0437833070755005,1996800,-0.02000070628399244
1994-09-30,1.53125,1.609375,1.515625,1.58203125,1.0675048828125,6673600,0.02247213252909008
1994-10-03,1.59375,1.625,1.5625,1.6171875,1.0912277698516846,5076800,0.021979416520830467
1994-10-04,1.65625,1.703125,1.578125,1.640625,1.1070430278778076,21192000,0.014389065181854952
1994-10-05,1.65625,1.796875,1.59375,1.765625,1.191388726234436,25080000,0.0734271016714999
1994-10-06,1.796875,1.796875,1.6640625,1.7265625,1.165030837059021,17318400,-0.02237206730168897
1994-10-07,1.75,1.78125,1.71875,1.765625,1.191388726234436,12547200,0.022372067301689127
1994-10-10,1.765625,1.796875,1.734375,1.75,1.180845856666565,8704000,-0.008888614184746759
1994-10-11,1.6875,1.765625,1.671875,1.765625,1.191388726234436,30510400,0.008888614184746717
1994-10-12,1.734375,1.765625,1.734375,1.734375,1.170302152633667,10646400,-0.017857657964509246
1994-10-13,1.765625,1.796875,1.765625,1.78125,1.2019319534301758,9062400,0.026668257804474415
1994-10-14,1.78125,1.78125,1.734375,1.75,1.180845856666565,3916800,-0.017699214024712046
1994-10-17,1.75,1.765625,1.734375,1.734375,1.170302152633667,3848000,-0.008969043779762511
1994-10-18,1.734375,1.75,1.6875,1.6875,1.1386725902557373,7176000,-0.02739877612318113
1994-10-19,1.6875,1.734375,1.6875,1.71875,1.1597589254379272,6121600,0.01834897116185545
1994-10-20,1.70703125,1.78125,1.6875,1.765625,1.191388726234436,12241600,0.026907462925834808
1994-10-21,1.75,1.890625,1.71875,1.8515625,1.2493764162063599,19531200,0.0475249362561403
1994-10-24,1.84375,1.890625,1.765625,1.796875,1.2124751806259155,7006400,-0.029980685770616227
1994-10-25,1.75,1.78125,1.703125,1.75,1.180845856666565,6372800,-0.026432864670270787
1994-10-26,1.75,1.796875,1.734375,1.796875,1.2124751806259155,7099200,0.026432864670270746
1994-10-27,1.796875,1.890625,1.7890625,1.8125,1.2230186462402344,11112000,0.008658228868227202
1994-10-28,1.796875,1.875,1.78125,1.859375,1.2546483278274536,8819200,0.02553321354375942
1994-10-31,1.8359375,1.875,1.8125,1.84375,1.2441051006317139,4356800,-0.008438839658510543
1994-11-01,1.84375,1.859375,1.796875,1.8203125,1.2282905578613281,3128000,-0.012793064413269042
1994-11-02,1.8203125,1.921875,1.796875,1.859375,1.2546483278274536,11196800,0.021231904071779717
1994-11-03,1.859375,1.953125,1.859375,1.8671875,1.2599198818206787,9809600,0.004192816640007092
1994-11-04,1.859375,1.890625,1.796875,1.8125,1.2230186462402344,9486400,-0.029726030183766326
1994-11-07,1.90625,1.921875,1.8671875,1.875,1.2651914358139038,11803200,0.033901340487714614
1994-11-08,1.90625,2.03125,1.890625,2.00390625,1.3521740436553955,21891200,0.06649025646099219
1994-11-09,2.078125,2.09375,2.03125,2.0546875,1.386439561843872,22376000,0.025025294825565286
1994-11-10,2.046875,2.109375,2.015625,2.046875,1.3811678886413574,9145600,-0.003809557296225823
1994-11-11,2.046875,2.046875,2.015625,2.015625,1.360081434249878,8566400,-0.01538486129914843
1994-11-14,2.015625,2.0625,2.015625,2.0625,1.3917113542556763,8323200,0.022989603881321555
1994-11-15,2.0625,2.09375,2.03125,2.09375,1.4127978086471558,10987200,0.015037819833973698
1994-11-16,2.09375,2.109375,2.0625,2.0703125,1.3969827890396118,13224000,-0.011257239539621515
1994-11-17,2.0625,2.078125,1.984375,2.0,1.349537968635559,10307200,-0.03455247184006654
1994-11-18,2.015625,2.015625,1.921875,1.921875,1.2968218326568604,16971200,-0.03984576132486187
1994-11-21,1.90625,1.953125,1.890625,1.890625,1.2757350206375122,4552000,-0.01639402781074957
1994-11-22,1.859375,1.9375,1.796875,1.828125,1.2335622310638428,18009600,-0.03361639276391179
1994-11-23,1.78125,1.890625,1.78125,1.890625,1.2757350206375122,8868800,0.03361639276391174
1994-11-25,1.890625,1.96875,1.890625,1.96875,1.32845139503479,4088000,0.04049139991876696
1994-11-28,1.96875,2.0625,1.953125,1.984375,1.3389949798583984,12771200,0.007905418330777897
1994-11-29,2.015625,2.03125,1.953125,1.96875,1.32845139503479,5481600,-0.007905418330777852
1994-11-30,1.953125,1.984375,1.90625,1.921875,1.2968218326568604,3993600,-0.02409737210801735
1994-12-01,1.890625,1.890625,1.84375,1.84375,1.2441051006317139,4772800,-0.04150005030439429
1994-12-02,1.84375,1.875,1.796875,1.859375,1.2546483278274536,5843200,0.008438839658510597
1994-12-05,1.859375,1.953125,1.84375,1.90625,1.2862783670425415,5452800,0.02489774554394168
1994-12-06,1.875,1.90625,1.796875,1.796875,1.2124751806259155,7236800,-0.05908918795592828
1994-12-07,1.78125,1.796875,1.65625,1.6875,1.1386725902557373,13132800,-0.06280068457321429
1994-12-08,1.734375,1.75,1.625,1.65625,1.117586374282837,9758400,-0.018691852518106504
1994-12-09,1.65625,1.796875,1.625,1.765625,1.191388726234436,12392000,0.06394828660579698
1994-12-12,1.75,1.75,1.578125,1.65625,1.117586374282837,18120000,-0.06394828660579689
1994-12-13,1.671875,1.671875,1.578125,1.59375,1.0754125118255615,8180800,-0.038467017037688594
1994-12-14,1.6015625,1.640625,1.484375,1.515625,1.0226969718933105,9713600,-0.05026109197305338
1994-12-15,1.453125,1.515625,1.390625,1.4375,0.9699806571006775,34726400,-0.05292237674791749
1994-12-16,1.453125,1.5625,1.4375,1.515625,1.0226969718933105,10820800,0.052922376747917436
1994-12-19,1.515625,1.5625,1.5,1.546875,1.0437833070755005,4782400,0.020408679713263676
1994-12-20,1.578125,1.65625,1.546875,1.625,1.0964994430541992,7606400,0.04927087330084649
1994-12-21,1.625,1.640625,1.59375,1.625,1.0964994430541992,5280000,0.0
1994-12-22,1.625,1.671875,1.609375,1.65625,1.117586374282837,5795200,0.01904855599663181
1994-12-23,1.625,1.671875,1.609375,1.609375,1.08595609664917,6736000,-0.028710542905460233
1994-12-27,1.609375,1.640625,1.578125,1.59375,1.0754125118255615,4136000,-0.009756474132228254
1994-12-28,1.59375,1.625,1.53125,1.546875,1.0437833070755005,6724800,-0.029852412259789768
1994-12-29,1.546875,1.578125,1.515625,1.53125,1.0332398414611816,3649600,-0.010152564919841314
1994-12-30,1.515625,1.546875,1.484375,1.5,1.0121536254882812,5929600,-0.02061897953807051
1995-01-03,1.453125,1.53125,1.453125,1.515625,1.0226969718933105,3409600,0.010362864744648108
1995-01-04,1.53125,1.5625,1.5,1.53125,1.0332398414611816,3902400,0.0102561147934223
1995-01-05,1.546875,1.5625,1.5,1.515625,1.0226969718933105,3929600,-0.010256114793422366
1995-01-06,1.515625,1.546875,1.5,1.5,1.0121536254882812,5089600,-0.01036286474464806
1995-01-09,1.53125,1.53125,1.4375,1.453125,0.9805235266685486,4812800,-0.03174900225749502
1995-01-10,1.453125,1.484375,1.390625,1.453125,0.9805235266685486,11852800,0.0
1995-01-11,1.453125,1.453125,1.40625,1.4296875,0.9647087454795837,6947200,-0.01626040228420586
1995-01-12,1.453125,1.453125,1.40625,1.40625,0.9488941431045532,5555200,-0.01652899096615925
1995-01-13,1.4375,1.4375,1.3125,1.3125,0.8856345415115356,25792000,-0.06899286251340124
1995-01-16,1.28125,1.40625,1.28125,1.3828125,0.9330786466598511,21323200,0.05218510753103349
1995-01-17,1.421875,1.53125,1.40625,1.515625,1.0226969718933105,25411200,0.09170901523487594
1995-01-18,1.546875,1.59375,1.53125,1.53125,1.0332398414611816,9080000,0.0102561147934223
1995-01-19,1.546875,1.546875,1.484375,1.5,1.0121536254882812,3177600,-0.02061897953807051
1995-01-20,1.515625,1.515625,1.453125,1.453125,0.9805235266685486,8027200,-0.03174900225749502
1995-01-23,1.453125,1.578125,1.421875,1.578125,1.0648698806762695,6177600,0.08252125299939923
1995-01-24,1.609375,1.765625,1.578125,1.71875,1.1597589254379272,29518400,0.08535954669344786
1995-01-25,1.6875,1.71875,1.59375,1.6875,1.1386725902557373,12528000,-0.018348971161855486
1995-01-26,1.671875,1.78125,1.671875,1.7578125,1.1861176490783691,20572800,0.04082230440691207
1995-01-27,1.78125,1.8125,1.734375,1.78125,1.2019319534301758,14942400,0.01324472952074342
1995-01-30,1.796875,1.8125,1.65625,1.6875,1.1386725902557373,7696000,-0.054067033927655626
1995-01-31,1.65625,1.6875,1.609375,1.65625,1.117586374282837,13947200,-0.018691852518106504
1995-02-01,1.703125,1.734375,1.640625,1.703125,1.1492160558700562,9456000,0.027908682428929996
1995-02-02,1.71875,1.75,1.6875,1.71875,1.1597589254379272,5310400,0.00913214125103214
1995-02-03,1.734375,1.859375,1.6875,1.75,1.180845856666565,27675200,0.018018848741088143
1995-02-06,1.734375,1.765625,1.7265625,1.75,1.180845856666565,4425600,0.0
1995-02-07,1.765625,1.78125,1.734375,1.7578125,1.1861176490783691,3443200,0.004454484503968614
1995-02-08,1.78125,1.78125,1.71875,1.75,1.180845856666565,3152000,-0.0044544845039684935
1995-02-09,1.75,1.78125,1.71875,1.75,1.180845856666565,6134400,0.0
1995-02-10,1.78125,1.796875,1.734375,1.765625,1.191388726234436,8123200,0.008888614184746717
1995-02-13,1.75,1.765625,1.703125,1.71875,1.1597589254379272,5817600,-0.026907462925834888
1995-02-14,1.71875,1.75,1.625,1.671875,1.1281293630599976,4832000,-0.02765133055772614
1995-02-15,1.671875,1.671875,1.59375,1.625,1.0964994430541992,5516800,-0.02843804911886762
1995-02-16,1.609375,1.640625,1.59375,1.640625,1.1070430278778076,5233600,0.009569740930928857
1995-02-17,1.625,1.625,1.59375,1.59375,1.0754125118255615,1771200,-0.028988201971985608
1995-02-21,1.625,1.640625,1.578125,1.6015625,1.0806846618652344,9019200,0.004890466544539047
1995-02-22,1.609375,1.625,1.578125,1.625,1.0964994430541992,2606400,0.01452799449651782
1995-02-23,1.625,1.796875,1.5625,1.765625,1.191388726234436,31785600,0.08299684260242852
1995-02-24,1.78125,1.796875,1.71875,1.765625,1.191388726234436,17798400,0.0
1995-02-27,1.75,1.828125,1.734375,1.734375,1.170302152633667,7857600,-0.017857657964509246
1995-02-28,1.765625,1.828125,1.75,1.828125,1.2335622310638428,8392000,0.0526441409332422
1995-03-01,1.8125,1.828125,1.765625,1.765625,1.191388726234436,7008000,-0.03478648296873298
1995-03-02,1.75,1.78125,1.71875,1.734375,1.170302152633667,4264000,-0.017857657964509246
1995-03-03,1.734375,1.84375,1.703125,1.828125,1.2335622310638428,6777600,0.0526441409332422
1995-03-06,1.78125,1.796875,1.734375,1.78125,1.2019319534301758,4049600,-0.025975883128767654
1995-03-07,1.796875,1.84375,1.75,1.75,1.180845856666565,7532800,-0.017699214024712046
1995-03-08,1.78125,1.78125,1.71875,1.734375,1.170302152633667,5118400,-0.008969043779762511
1995-03-09,1.75,1.859375,1.75,1.84375,1.2441051006317139,28252800,0.06115451120350932
1995-03-10,1.84375,1.859375,1.8125,1.84375,1.2441051006317139,18523200,0.0
1995-03-13,1.828125,1.84375,1.7421875,1.8046875,1.2177470922470093,25846400,-0.021413970892769106
1995-03-14,1.828125,1.9375,1.78125,1.9375,1.307364821434021,26476800,0.07101101866975222
1995-03-15,1.859375,2.015625,1.859375,1.9609375,1.3231792449951172,27523200,0.012023835137507669
1995-03-16,1.9453125,2.015625,1.921875,2.0,1.349537968635559,13324800,0.019724928714765503
1995-03-17,2.0,2.0625,2.0,2.046875,1.3811678886413574,11428800,0.023167148963541127
1995-03-20,2.046875,2.046875,2.0,2.015625,1.360081434249878,6819200,-0.01538486129914843
1995-03-21,2.03125,2.0625,1.9375,1.9375,1.307364821434021,8918400,-0.039531051516665805
1995-03-22,1.9375,2.0546875,1.90625,2.0546875,1.386439561843872,12816000,0.0587254701120401
1995-03-23,2.078125,2.15625,2.046875,2.140625,1.4444270133972168,26356800,0.04097371772880021
1995-03-24,2.125,2.15625,2.0,2.03125,1.3706241846084595,13697600,-0.052446467119492086
1995-03-27,2.0,2.078125,1.9375,2.0625,1.3917113542556763,7739200,0.01526793467663922
1995-03-28,2.046875,2.140625,2.046875,2.125,1.4338841438293457,10356800,0.029852766643300166
1995-03-29,2.109375,2.203125,2.109375,2.1484375,1.4496992826461792,20960000,0.010969197040571728
1995-03-30,2.171875,2.1875,2.03125,2.0703125,1.3969827890396118,9950400,-0.03704138338951951
1995-03-31,2.046875,2.078125,2.015625,2.046875,1.3811678886413574,6379200,-0.011385322876525302
1995-04-03,2.0625,2.0625,1.921875,1.98828125,1.3416305780410767,8878400,-0.029043713893223286
1995-04-04,1.953125,1.984375,1.875,1.921875,1.2968218326568604,19406400,-0.033969196395179826
1995-04-05,1.921875,1.921875,1.828125,1.859375,1.2546483278274536,21931200,-0.03306121064588377
1995-04-06,1.859375,1.91796875,1.75,1.7890625,1.207203984260559,30089600,-0.038548387564408766
1995-04-07,1.796875,1.890625,1.765625,1.875,1.2651914358139038,16878400,0.046916514508363864
1995-04-10,1.7890625,1.8671875,1.7421875,1.75,1.180845856666565,27353600,-0.06899243402621254
1995-04-11,1.75,1.7734375,1.6171875,1.640625,1.1070430278778076,25363200,-0.06453848748675307
1995-04-12,1.640625,1.7421875,1.609375,1.6875,1.1386725902557373,17836800,0.028170667583809553
1995-04-13,1.7109375,1.7109375,1.66015625,1.6796875,1.1334015130996704,6811200,-0.004639889698003012
1995-04-17,1.671875,1.75,1.65625,1.671875,1.1281293630599976,13267200,-0.004662469697867611
1995-04-18,1.6875,1.703125,1.59375,1.609375,1.08595609664917,13137600,-0.038100036027696224
1995-04-19,1.609375,1.609375,1.5078125,1.5390625,1.0385113954544067,21593600,-0.04467245676838168
1995-04-20,1.5625,1.7109375,1.5546875,1.703125,1.1492160558700562,20209600,0.10129168210277202
1995-04-21,1.71875,1.734375,1.6171875,1.640625,1.1070430278778076,13518400,-0.037387497494632806
1995-04-24,1.6328125,1.6328125,1.53125,1.5625,1.0543262958526611,13396800,-0.04879054105865998
1995-04-25,1.5703125,1.625,1.5625,1.59375,1.0754125118255615,9185600,0.019802339086674278
1995-04-26,1.6015625,1.6875,1.5859375,1.6640625,1.122857928276062,10348800,0.04317283696394204
1995-04-27,1.6640625,1.6953125,1.6484375,1.671875,1.1281293630599976,6963200,0.004683673195982361
1995-04-28,1.671875,1.671875,1.609375,1.640625,1.1070430278778076,8088000,-0.01886830818793888
1995-05-01,1.6171875,1.640625,1.5859375,1.5859375,1.0701417922973633,4782400,-0.03390136601601543
1995-05-02,1.5859375,1.625,1.5859375,1.609375,1.08595609664917,4827200,0.014669638176258092
1995-05-03,1.59375,1.6328125,1.59375,1.625,1.0964994430541992,4624000,0.009661986908828543
1995-05-04,1.625,1.625,1.5859375,1.5859375,1.0701417922973633,3875200,-0.0243316250850866
1995-05-05,1.6171875,1.625,1.5546875,1.5859375,1.0701417922973633,8865600,0.0
1995-05-08,1.578125,1.6015625,1.5625,1.5859375,1.0701417922973633,2968000,0.0
1995-05-09,1.59375,1.59375,1.5234375,1.53125,1.0332398414611816,7395200,-0.035091813135601294
1995-05-10,1.546875,1.5859375,1.5390625,1.5546875,1.0490548610687256,5528000,0.015190283767086398
1995-05-11,1.5703125,1.75,1.5546875,1.75,1.180845856666565,40312000,0.1183413828712834
1995-05-12,1.7734375,1.9375,1.765625,1.8515625,1.2493764162063599,46304000,0.056413550440887084
1995-05-15,1.875,1.875,1.8203125,1.84375,1.2441051006317139,9132800,-0.0042280830171402455
1995-05-16,1.8515625,1.859375,1.796875,1.84375,1.2441051006317139,9377600,0.0
1995-05-17,1.859375,1.859375,1.7421875,1.77734375,1.1992965936660767,13406400,-0.036681263803519805
1995-05-18,1.7734375,1.8125,1.7109375,1.7109375,1.1544874906539917,10099200,-0.0380786985225757
1995-05-19,1.7109375,1.7265625,1.671875,1.69140625,1.1413084268569946,16408000,-0.01148116735037338
1995-05-22,1.703125,1.734375,1.6640625,1.671875,1.1281293630599976,21928000,-0.011614517046092038
1995-05-23,1.671875,1.671875,1.59375,1.609375,1.08595609664917,20659200,-0.038100036027696224
1995-05-24,1.6015625,1.625,1.578125,1.59375,1.0754125118255615,12131200,-0.009756474132228254
1995-05-25,1.6015625,1.6328125,1.578125,1.6328125,1.1017712354660034,12724800,0.02421477895552544
1995-05-26,1.625,1.625,1.59375,1.609375,1.08595609664917,8454400,-0.014458304823297201
1995-05-30,1.609375,1.609375,1.5390625,1.5390625,1.0385113954544067,14612800,-0.04467245676838168
1995-05-31,1.546875,1.6171875,1.5390625,1.6015625,1.0806846618652344,14193600,0.0398064491806925
1995-06-01,1.609375,1.609375,1.5703125,1.58203125,1.0675048828125,5062400,-0.01227074627523878
1995-06-02,1.5859375,1.8125,1.5625,1.75,1.180845856666565,34883200,0.10090696918943833
1995-06-05,1.875,1.9453125,1.8359375,1.84375,1.2441051006317139,44436800,0.05218546742374668
1995-06-06,1.859375,2.2265625,1.84375,2.171875,1.465514063835144,138241600,0.16378960094834047
1995-06-07,2.1796875,2.1953125,2.078125,2.171875,1.465514063835144,73060800,0.0
1995-06-08,2.15625,2.171875,2.109375,2.1484375,1.4496992826461792,14596800,-0.010849934089498085
1995-06-09,2.109375,2.1484375,2.0859375,2.11328125,1.425976276397705,16459200,-0.0164994582589717
1995-06-12,2.09375,2.1171875,1.984375,2.015625,1.360081434249878,19137600,-0.047312109306221636
1995-06-13,2.015625,2.0625,1.96875,2.046875,1.3811678886413574,18704000,0.015384861299148369
1995-06-14,2.046875,2.0703125,2.03125,2.046875,1.3811678886413574,6609600,0.0
1995-06-15,2.046875,2.171875,2.046875,2.15625,1.454971194267273,21904000,0.0520566652936302
1995-06-16,2.1640625,2.171875,2.125,2.125,1.4338841438293457,9022400,-0.014599156068156842
1995-06-19,2.140625,2.2109375,2.1171875,2.171875,1.465514063835144,14251200,0.021819131130069627
1995-06-20,2.1796875,2.21875,2.125,2.1953125,1.481329083442688,16862400,0.01073363640713758
1995-06-21,2.1875,2.1953125,2.0859375,2.0859375,1.407525897026062,9777600,-0.051106233971596304
1995-06-22,2.09375,2.1953125,2.09375,2.1953125,1.481329083442688,10003200,0.051106233971596235
1995-06-23,2.1640625,2.1796875,2.1015625,2.109375,1.423340916633606,6848000,-0.039932847738221096
1995-06-26,2.1015625,2.140625,2.0703125,2.109375,1.423340916633606,9633600,0.0
1995-06-27,2.078125,2.09375,2.0,2.0234375,1.3653525114059448,8387200,-0.04159422099350777
1995-06-28,2.015625,2.078125,1.984375,2.0703125,1.3969827890396118,11136000,0.022902114845573668
1995-06-29,2.078125,2.140625,2.0546875,2.1328125,1.4391555786132812,10913600,0.02974177758929232
1995-06-30,2.125,2.1875,2.125,2.16015625,1.4576061964035034,12475200,0.012738960769405495
1995-07-03,2.140625,2.15625,2.1328125,2.140625,1.4444270133972168,891200,-0.009082786210197242
1995-07-05,2.15625,2.25,2.15625,2.2265625,1.5024149417877197,23793600,0.03936106229735153
1995-07-06,2.2578125,2.2578125,2.1953125,2.2265625,1.5024149417877197,14889600,0.0
1995-07-07,2.2421875,2.34375,2.2265625,2.34375,1.5814900398254395,21467200,0.051293691113057455
1995-07-10,2.34375,2.5078125,2.34375,2.5,1.686922311782837,44016000,0.06453828558182036
1995-07-11,2.4921875,2.5,2.359375,2.3828125,1.6078482866287231,24648000,-0.04800893420252483
1995-07-12,2.3984375,2.46875,2.375,2.4296875,1.6394777297973633,19924800,0.019480916483009477
1995-07-13,2.4453125,2.546875,2.4140625,2.4453125,1.650020956993103,17950400,0.006410255362634717
1995-07-14,2.4296875,2.453125,2.359375,2.4296875,1.6394777297973633,10804800,-0.006410255362634707
1995-07-17,2.46875,2.53125,2.4609375,2.484375,1.6763792037963867,13940800,0.022258498039337406
1995-07-18,2.4765625,2.4921875,2.2890625,2.3515625,1.5867620706558228,19305600,-0.05494072538431007
1995-07-19,2.296875,2.328125,2.1328125,2.1953125,1.481329083442688,25875200,-0.06875579219008694
1995-07-20,2.1953125,2.359375,2.1875,2.2265625,1.5024149417877197,26894400,0.014134060559697036
1995-07-21,2.53125,2.640625,2.484375,2.609375,1.760724425315857,82433600,0.15865155495516606
1995-07-24,2.609375,2.796875,2.5078125,2.7734375,1.8714295625686646,65427200,0.060977281111556356
1995-07-25,2.8046875,2.8203125,2.7109375,2.7109375,1.8292564153671265,29163200,-0.022793056890210002
1995-07-26,2.71875,2.796875,2.703125,2.7109375,1.8292564153671265,20572800,0.0
1995-07-27,2.7109375,2.7265625,2.6875,2.6953125,1.8187135457992554,14233600,-0.005780145688296055
1995-07-28,2.703125,2.703125,2.6640625,2.6640625,1.7976257801055908,12344000,-0.011662625001090315
1995-07-31,2.65625,2.6796875,2.59375,2.671875,1.8028980493545532,10484800,0.002928614427757423
1995-08-01,2.6796875,2.6796875,2.6015625,2.6171875,1.7659962177276611,16790400,-0.020680437154248367
1995-08-02,2.6328125,2.6875,2.578125,2.5859375,1.7449100017547607,14612800,-0.012011981063688918
1995-08-03,2.5625,2.7265625,2.53125,2.7109375,1.8292564153671265,28715200,0.047206574479566284
1995-08-04,2.71875,2.78125,2.703125,2.765625,1.8661572933197021,13227200,0.019971839377843068
1995-08-07,2.7734375,2.7890625,2.6875,2.6953125,1.8187135457992554,8172800,-0.025751985066139123
1995-08-08,2.6875,2.7734375,2.6484375,2.734375,1.8450713157653809,7982400,0.014388522086843927
1995-08-09,2.7734375,2.90625,2.7421875,2.8671875,1.9346884489059448,100795200,0.04742837492433967
1995-08-10,2.8828125,2.9453125,2.8671875,2.9140625,1.9663194417953491,42289600,0.016217186435404565
1995-08-11,2.9140625,2.9375,2.796875,2.859375,1.9294174909591675,20361600,-0.018945352431921778
1995-08-14,2.8671875,3.015625,2.859375,3.0,2.0243072509765625,40696000,0.04800940454170093
1995-08-15,3.0625,3.1328125,3.046875,3.1328125,2.113924741744995,39030400,0.04331874313658428
1995-08-16,3.1328125,3.421875,3.1328125,3.390625,2.287889242172241,49006400,0.07908337732139531
1995-08-17,3.15625,3.328125,3.0625,3.2109375,2.1666407585144043,100464000,-0.05445173365108415
1995-08-18,3.2265625,3.328125,3.2265625,3.25,2.1929988861083984,22590400,0.01209203095186273
1995-08-21,3.25,3.2578125,2.9296875,2.9609375,1.9979496002197266,28945600,-0.09314850671216407
1995-08-22,2.96875,3.0390625,2.953125,2.98828125,2.016399383544922,30897600,0.009191982712710867
1995-08-23,3.0078125,3.140625,3.0,3.1171875,2.1033806800842285,33022400,0.042232460467150734
1995-08-24,3.109375,3.1640625,2.9921875,3.0859375,2.0822951793670654,27064000,-0.010075160996056244
1995-08-25,3.09375,3.1640625,3.0859375,3.1328125,2.113924741744995,14534400,0.01507554990618489
1995-08-28,3.1328125,3.171875,2.9921875,3.046875,2.055936813354492,18971200,-0.027814672566520298
1995-08-29,3.046875,3.046875,2.8515625,2.953125,1.9926772117614746,44275200,-0.031252547185561794
1995-08-30,2.953125,3.1484375,2.9453125,3.1015625,2.092838764190674,24168000,0.04904233762296757
1995-08-31,3.1015625,3.125,3.0390625,3.046875,2.055936813354492,13276800,-0.017789790437405677
1995-09-01,3.0703125,3.1328125,3.0625,3.1171875,2.1033806800842285,16702400,0.02281428365639179
1995-09-05,3.140625,3.296875,3.125,3.2890625,2.2193562984466553,19745600,0.05367130021144696
1995-09-06,3.3046875,3.390625,3.296875,3.34375,2.256258726119995,26161600,0.01649081243972323
1995-09-07,3.359375,3.359375,3.1953125,3.2109375,2.1666407585144043,22710400,-0.04053008007073042
1995-09-08,3.203125,3.21875,3.109375,3.15625,2.129739761352539,23393600,-0.017178136064991308
1995-09-11,3.1640625,3.2265625,3.1328125,3.171875,2.1402835845947266,9660800,0.004938541931767473
1995-09-12,3.1796875,3.203125,3.1015625,3.125,2.1086525917053223,11228800,-0.014889175042644599
1995-09-13,3.140625,3.15625,3.0546875,3.1015625,2.092838764190674,17592000,-0.0075277566235574505
1995-09-14,3.109375,3.1484375,3.0859375,3.09375,2.087566614151001,14155200,-0.0025223165495580143
1995-09-15,3.09375,3.1015625,2.9375,2.9765625,2.0084924697875977,26800000,-0.03861466256631621
1995-09-18,2.9609375,3.1015625,2.9140625,3.0859375,2.0822951793670654,17355200,0.03608631133880414
1995-09-19,3.09375,3.171875,3.0234375,3.1328125,2.113924741744995,19382400,0.01507554990618489
1995-09-20,3.15625,3.15625,3.0,3.046875,2.055936813354492,17110400,-0.027814672566520298
1995-09-21,3.0546875,3.078125,2.9140625,2.9609375,1.9979496002197266,16726400,-0.028610159523469864
1995-09-22,2.953125,2.9921875,2.9375,2.9375,1.982134461402893,13100800,-0.007947179913367422
1995-09-25,2.9296875,2.9453125,2.828125,2.875,1.939961314201355,14131200,-0.021506243136496243
1995-09-26,2.8828125,2.8828125,2.6171875,2.6875,1.8134407997131348,48521600,-0.06744199675173528
1995-09-27,2.6796875,2.7421875,2.546875,2.6171875,1.7659962177276611,63056000,-0.02651107452894365
1995-09-28,2.640625,2.8203125,2.6015625,2.796875,1.8872448205947876,43620800,0.06640303815218182
1995-09-29,2.796875,2.9453125,2.7890625,2.8671875,1.9346884489059448,35507200,0.024828306586583086
1995-10-02,2.8671875,2.8671875,2.6484375,2.6640625,1.7976257801055908,19304000,-0.07347952201227384
1995-10-03,2.6796875,2.75,2.640625,2.7421875,1.8503427505493164,21435200,0.028904109308059887
1995-10-04,2.734375,2.734375,2.5625,2.625,1.7712690830230713,33692800,-0.0436746067718639
1995-10-05,2.625,2.6328125,2.4765625,2.5,1.686922311782837,30856000,-0.04879053432844403
1995-10-06,2.53125,2.59375,2.515625,2.53125,1.7080085277557373,30956800,0.012422336788490288
1995-10-09,2.4921875,2.5,2.25,2.3359375,1.5762189626693726,51656000,-0.08029917069620894
1995-10-10,2.296875,2.546875,2.1796875,2.53125,1.7080085277557373,61145600,0.08029917069620901
1995-10-11,2.578125,2.6015625,2.4375,2.5,1.686922311782837,26056000,-0.012422336788490375
1995-10-12,2.5,2.5625,2.484375,2.53125,1.7080085277557373,14536000,0.012422336788490288
1995-10-13,2.578125,2.6015625,2.53125,2.53125,1.7080085277557373,12059200,0.0
1995-10-16,2.5390625,2.5546875,2.4140625,2.4140625,1.628934383392334,12859200,-0.0474020396758721
1995-10-17,2.4375,2.5703125,2.359375,2.546875,1.718551516532898,24793600,0.053555745965046794
1995-10-18,2.5703125,2.625,2.515625,2.515625,1.697464942932129,21275200,-0.012345866412337812
1995-10-19,2.5,2.5234375,2.3515625,2.3984375,1.6183913946151733,30608000,-0.04770323842223172
1995-10-20,2.3984375,2.453125,2.3046875,2.328125,1.5709466934204102,21744000,-0.02975426256486233
1995-10-23,2.3046875,2.515625,2.2734375,2.4921875,1.681650161743164,27080000,0.06809712339191519
1995-10-24,2.4921875,2.5390625,2.40625,2.4375,1.6447498798370361,22851200,-0.022187226541329822
1995-10-25,2.4453125,2.453125,2.390625,2.421875,1.63420569896698,10094400,-0.006431448650034537
1995-10-26,2.4375,2.453125,2.34375,2.3984375,1.6183913946151733,10360000,-0.009724185635688483
1995-10-27,2.4140625,2.5390625,2.3984375,2.53125,1.7080085277557373,27260800,0.05389539854539504
1995-10-30,2.546875,2.6015625,2.4765625,2.515625,1.697464942932129,20156800,-0.006192160123163186
1995-10-31,2.53125,2.53125,2.40625,2.40625,1.623663067817688,15644800,-0.04445117840309635
1995-11-01,2.4140625,2.5625,2.40625,2.5390625,1.7132800817489624,19868800,0.05372495996579994
1995-11-02,2.5625,2.5859375,2.5234375,2.5546875,1.72382390499115,15499200,0.006135314123244063
1995-11-03,2.5546875,2.71875,2.46875,2.6875,1.8134407997131348,30896000,0.05068101124342579
1995-11-06,2.6875,2.9453125,2.6796875,2.8828125,1.9452323913574219,54184000,0.07015541635941894
1995-11-07,2.8359375,2.890625,2.75,2.8125,1.8977882862091064,34768000,-0.02469230311227433
1995-11-08,2.84375,2.953125,2.8359375,2.890625,1.9505040645599365,27102400,0.027398685579295173
1995-11-09,2.9140625,2.9453125,2.890625,2.9296875,1.9768621921539307,12817600,0.01342300240443712
1995-11-10,2.8984375,2.96875,2.890625,2.9609375,1.9979496002197266,18513600,0.010610618570722027
1995-11-13,2.9453125,2.96875,2.875,2.8828125,1.9452323913574219,15073600,-0.026740003442180114
1995-11-14,2.859375,2.90625,2.7109375,2.71484375,1.8318917751312256,13660800,-0.06003226155384178
1995-11-15,2.7421875,2.890625,2.671875,2.890625,1.9505040645599365,22609600,0.0627386440208626
1995-11-16,2.8828125,2.9375,2.828125,2.859375,1.9294174909591675,22630400,-0.010869694613135932
1995-11-17,2.8671875,2.90625,2.828125,2.84375,1.9188743829727173,9140800,-0.005479383950267913
1995-11-20,2.859375,2.875,2.6484375,2.671875,1.8028980493545532,14100800,-0.06234335763773125
1995-11-21,2.6640625,2.734375,2.640625,2.7109375,1.8292564153671265,17971200,0.014514156261628879
1995-11-22,2.71875,2.7578125,2.5546875,2.6015625,1.7554535865783691,15790400,-0.04118227646310138
1995-11-24,2.6171875,2.671875,2.5703125,2.6328125,1.7765398025512695,7707200,0.011940263851481739
1995-11-27,2.6484375,2.7578125,2.6328125,2.7109375,1.8292564153671265,17624000,0.02924201261161961
1995-11-28,2.7265625,2.8984375,2.703125,2.875,1.939961314201355,18568000,0.0587584778648016
1995-11-29,2.875,2.9140625,2.703125,2.7265625,1.8397997617721558,30548800,-0.05301129116790505
1995-11-30,2.71875,2.7890625,2.5859375,2.5859375,1.7449100017547607,22163200,-0.05295376117646272
1995-12-01,2.5859375,2.6015625,2.5,2.5625,1.7290945053100586,26828800,-0.009105115249693211
1995-12-04,2.59375,2.75,2.5859375,2.7265625,1.8397997617721558,25547200,0.06205887642615586
1995-12-05,2.7421875,2.7421875,2.578125,2.59375,1.7501815557479858,22539200,-0.04993721187931229
1995-12-06,2.59375,2.6015625,2.453125,2.4609375,1.6605638265609741,24632000,-0.052562329442164685
1995-12-07,2.4609375,2.5390625,2.359375,2.53125,1.7080085277557373,27707200,0.028170888931436617
1995-12-08,2.625,2.6640625,2.484375,2.6015625,1.7554535865783691,27414400,0.027399189230042607
1995-12-11,2.625,2.6328125,2.5078125,2.5625,1.7290945053100586,15116800,-0.015129413266157996
1995-12-12,2.546875,2.546875,2.484375,2.4921875,1.681650161743164,7171200,-0.02782231368222671
1995-12-13,2.515625,2.5234375,2.40625,2.4453125,1.650020956993103,13446400,-0.01898756142702897
1995-12-14,2.453125,2.46875,2.3515625,2.3671875,1.597304344177246,22873600,-0.03247056552942231
1995-12-15,2.390625,2.3984375,2.296875,2.3359375,1.5762189626693726,15708800,-0.013288506021415536
1995-12-18,2.3359375,2.34375,2.1875,2.234375,1.5076868534088135,21336000,-0.044452326357553265
1995-12-19,2.25,2.5390625,2.234375,2.53515625,1.7106447219848633,30112000,0.12629373872559244
1995-12-20,2.5546875,2.5546875,2.34375,2.34375,1.5814900398254395,14339200,-0.0785028640421409
1995-12-21,2.3828125,2.6328125,2.3671875,2.625,1.7712690830230713,37600000,0.1133288199102644
1995-12-22,2.65625,2.78125,2.6328125,2.78125,1.876702070236206,31916800,0.057819732715195034
1995-12-26,2.78125,2.7890625,2.65625,2.7109375,1.8292564153671265,16886400,-0.025606464562004647
1995-12-27,2.71875,2.78125,2.703125,2.7109375,1.8292564153671265,8371200,0.0
1995-12-28,2.7109375,2.7109375,2.578125,2.6171875,1.7659962177276611,13913600,-0.03519459341587736
1995-12-29,2.625,2.6953125,2.5625,2.6875,1.8134407997131348,13036800,0.026511074528943697
1996-01-02,2.671875,2.734375,2.640625,2.734375,1.8450713157653809,8492800,0.017291895285481473
1996-01-03,2.734375,2.75,2.5859375,2.6015625,1.7554535865783691,12528000,-0.049790652861649215
1996-01-04,2.609375,2.625,2.4453125,2.4921875,1.681650161743164,21673600,-0.042951726948384825
1996-01-05,2.47265625,2.6171875,2.4453125,2.59375,1.7501815557479858,22104000,0.039943978229070316
1996-01-08,2.5859375,2.625,2.546875,2.55078125,1.7211886644363403,2376000,-0.016704392584459025
1996-01-09,2.5703125,2.5703125,2.3671875,2.375,1.6025763750076294,21417600,-0.07140256752326325
1996-01-10,2.34375,2.5234375,2.30859375,2.390625,1.6131200790405273,31032000,0.006557672322521501
1996-01-11,2.40625,2.5390625,2.40625,2.515625,1.697464942932129,15171200,0.05096568715130941
1996-01-12,2.515625,2.5390625,2.359375,2.375,1.6025763750076294,24736000,-0.05752335947383089
1996-01-15,2.390625,2.390625,2.21875,2.2421875,1.5129581689834595,29424000,-0.05754578189482874
1996-01-16,2.265625,2.390625,2.234375,2.375,1.6025763750076294,26371200,0.05754578189482873
1996-01-17,2.3515625,2.5390625,2.328125,2.515625,1.697464942932129,31552000,0.05752335947383102
1996-01-18,2.5234375,2.5546875,2.3984375,2.5390625,1.7132800817489624,23241600,0.009273781562703589
1996-01-19,2.578125,2.71875,2.5546875,2.6875,1.8134407997131348,37392000,0.05681632536666991
1996-01-22,2.6875,2.7578125,2.609375,2.7265625,1.8397997617721558,22272000,0.014430705583830115
1996-01-23,2.6875,2.828125,2.6796875,2.7734375,1.8714295625686646,35382400,0.01704587019331359
1996-01-24,2.796875,2.9296875,2.78125,2.8671875,1.9346884489059448,26753600,0.033243694432677426
1996-01-25,2.8828125,2.890625,2.7578125,2.796875,1.8872448205947876,20363200,-0.02482830658658302
1996-01-26,2.796875,2.8046875,2.734375,2.75,1.8556150197982788,11142400,-0.016901810443706724
1996-01-29,2.7421875,2.8828125,2.7421875,2.859375,1.9294174909591675,15560000,0.039001951033772554
1996-01-30,2.8515625,2.9375,2.7890625,2.8984375,1.9557753801345825,24436800,0.013568589481760129
1996-01-31,2.890625,2.921875,2.7734375,2.796875,1.8872448205947876,29036800,-0.03566873007182577
1996-02-01,2.796875,2.9296875,2.734375,2.8828125,1.9452323913574219,22739200,0.03026345273618086
1996-02-02,2.984375,3.109375,2.9609375,2.984375,2.013762950897217,41913600,0.03462363537147108
1996-02-05,3.046875,3.0546875,2.9609375,3.0234375,2.040121555328369,21379200,0.01300430530398983
1996-02-06,3.03125,3.0859375,3.0078125,3.0546875,2.061208724975586,31539200,0.010283178395981344
1996-02-07,3.03125,3.0625,2.96875,2.984375,2.013762950897217,15115200,-0.023287483699971172
1996-02-08,2.984375,3.03125,2.953125,3.0,2.0243072509765625,16755200,0.005222457024114765
1996-02-09,3.0,3.0703125,2.984375,3.0390625,2.050666093826294,12729600,0.01293712044535251
1996-02-12,3.0234375,3.0546875,2.953125,2.953125,1.9926772117614746,9035200,-0.02868559706085017
1996-02-13,2.890625,2.9609375,2.875,2.890625,1.9505040645599365,15977600,-0.021391233313067207
1996-02-14,2.8984375,2.9453125,2.8359375,2.90625,1.9610470533370972,13000000,0.0053907076710700014
1996-02-15,2.9140625,2.96875,2.8828125,2.9375,1.982134461402893,9307200,0.010695733390721798
1996-02-16,2.9375,2.9765625,2.8984375,2.9609375,1.9979496002197266,8427200,0.007947179913367476
1996-02-20,2.9296875,2.9375,2.7734375,2.8046875,1.8925161361694336,19419200,-0.0542142221223259
1996-02-21,2.828125,2.9296875,2.8046875,2.8828125,1.9452323913574219,15246400,0.027474218680145907
1996-02-22,2.875,2.890625,2.703125,2.71875,1.834527611732483,35987200,-0.058594435283994044
1996-02-23,2.7421875,2.796875,2.6484375,2.65625,1.7923555374145508,23536000,-0.023256318618142244
1996-02-26,2.6640625,2.75,2.6484375,2.7265625,1.8397997617721558,17457600,0.0261260431265476
1996-02-27,2.734375,2.75,2.6953125,2.703125,1.8239843845367432,8784000,-0.008633410068931003
1996-02-28,2.6875,2.6875,2.5,2.5234375,1.7027374505996704,37529600,-0.06878610947212878
1996-02-29,2.5078125,2.5078125,2.453125,2.46484375,1.663199543952942,26376000,-0.023494037671062052
1996-03-01,2.4765625,2.515625,2.453125,2.5,1.686922311782837,21459200,0.01416256803359081
1996-03-04,2.5234375,2.53125,2.4921875,2.5,1.686922311782837,7963200,0.0
1996-03-05,2.5,2.578125,2.46875,2.484375,1.6763792037963867,19587200,-0.0062695196801780114
1996-03-06,2.5078125,2.515625,2.4140625,2.4375,1.6447498798370361,11872000,-0.01904790779100353
1996-03-07,2.4453125,2.453125,2.3515625,2.37890625,1.6052120923995972,14608000,-0.024332431276588573
1996-03-08,2.34375,2.3671875,2.2421875,2.2890625,1.5445888042449951,38542400,-0.038498163842080636
1996-03-11,2.296875,2.421875,2.2890625,2.421875,1.63420569896698,26214400,0.05639914646863479
1996-03-12,2.3984375,2.484375,2.296875,2.46875,1.6658357381820679,28897600,0.01917006707888721
1996-03-13,2.53125,2.53125,2.390625,2.4296875,1.6394777297973633,22216000,-0.015949208677186497
1996-03-14,2.4375,2.4921875,2.3515625,2.359375,1.5920330286026,13638400,-0.029365899860479334
1996-03-15,2.3671875,2.3828125,2.328125,2.34375,1.5814900398254395,12115200,-0.006644368001825608
1996-03-18,2.359375,2.46875,2.3515625,2.4453125,1.650020956993103,15302400,0.04242052322493973
1996-03-19,2.4609375,2.4609375,2.375,2.3828125,1.6078482866287231,8465600,-0.025891171845644198
1996-03-20,2.390625,2.390625,2.3203125,2.3203125,1.5656750202178955,12539200,-0.02657976337202343
1996-03-21,2.3359375,2.3515625,2.2578125,2.2734375,1.5340451002120972,16806400,-0.02040895091020168
1996-03-22,2.2890625,2.4609375,2.28125,2.453125,1.655293583869934,26312000,0.07607028225143804
1996-03-25,2.5,2.5546875,2.3984375,2.5,1.686922311782837,35315200,0.01892736623331195
1996-03-26,2.5,2.5390625,2.46875,2.5234375,1.7027374505996704,23388800,0.009331469637471178
1996-03-27,2.546875,2.6171875,2.515625,2.5859375,1.7449100017547607,27089600,0.024465758364596978
1996-03-28,2.578125,2.6328125,2.5390625,2.59375,1.7501815557479858,19977600,0.003016549297150284
1996-03-29,2.609375,2.609375,2.5703125,2.59375,1.7501815557479858,11832000,0.0
1996-04-01,2.5859375,2.59375,2.4453125,2.4921875,1.681650161743164,12520000,-0.03994397822907035
1996-04-02,2.515625,2.6015625,2.4453125,2.578125,1.7396384477615356,16257600,0.03390175252579132
1996-04-03,2.5625,2.6171875,2.5234375,2.5546875,1.72382390499115,9969600,-0.009132279244664563
1996-04-04,2.546875,2.5859375,2.53125,2.5390625,1.7132800817489624,7134400,-0.0061353141232441104
1996-04-08,2.4609375,2.515625,2.421875,2.4765625,1.6711076498031616,17875200,-0.024923039702758908
1996-04-09,2.484375,2.484375,2.4140625,2.453125,1.655293583869934,12236800,-0.00950828475858382
1996-04-10,2.453125,2.59375,2.4375,2.5078125,1.6921935081481934,15780800,0.022047235999185268
1996-04-11,2.515625,2.515625,2.4375,2.46875,1.6658357381820679,7171200,-0.015698678808202086
1996-04-12,2.484375,2.5078125,2.453125,2.48828125,1.679015040397644,5267200,0.007880393650717204
1996-04-15,2.5,2.53125,2.453125,2.453125,1.655293583869934,11254400,-0.014228950841700245
1996-04-16,2.0234375,2.1328125,1.953125,2.0625,1.3917113542556763,143841600,-0.1734442052017703
1996-04-17,2.09375,2.1171875,1.9765625,1.9765625,1.3337234258651733,45304000,-0.04255958090098891
1996-04-18,2.015625,2.046875,1.8984375,1.9140625,1.2915502786636353,45561600,-0.03213133582430138
1996-04-19,1.96875,2.0859375,1.9296875,2.0625,1.3917113542556763,39054400,0.07469091672529046
1996-04-22,2.09375,2.109375,2.0,2.0546875,1.386439561843872,19446400,-0.00379518528594727
1996-04-23,2.1640625,2.2734375,2.140625,2.2734375,1.5340451002120972,43006400,0.10116910823627971
1996-04-24,2.34375,2.390625,2.28125,2.375,1.6025763750076294,32998400,0.04370446567624625
1996-04-25,2.3671875,2.4296875,2.3203125,2.4140625,1.628934383392334,27398400,0.016313479921122087
1996-04-26,2.4765625,2.5390625,2.453125,2.5234375,1.7027374505996704,35430400,0.04431117252485289
1996-04-29,2.5078125,2.515625,2.4375,2.4609375,1.6605638265609741,17545600,-0.025080021780417332
1996-04-30,2.4375,2.4375,2.390625,2.421875,1.63420569896698,19870400,-0.01600032397826987
1996-05-01,2.421875,2.4765625,2.40625,2.453125,1.655293583869934,10657600,0.012821509887904092
1996-05-02,2.4453125,2.4765625,2.3671875,2.40625,1.623663067817688,19124800,-0.019293635504457136
1996-05-03,2.421875,2.453125,2.390625,2.4140625,1.628934383392334,9352000,0.003241298850387421
1996-05-06,2.3984375,2.421875,2.3671875,2.3828125,1.6078482866287231,16435200,-0.013029231315143148
1996-05-07,2.390625,2.546875,2.390625,2.5234375,1.7027374505996704,25961600,0.05734040383999597
1996-05-08,2.5,2.5234375,2.4296875,2.5,1.686922311782837,14857600,-0.00933146963747113
1996-05-09,2.5,2.5390625,2.4765625,2.5078125,1.6921935081481934,9179200,0.0031198697658732775
1996-05-10,2.5390625,2.671875,2.515625,2.6640625,1.7976257801055908,30840000,0.06044116202637488
1996-05-13,2.7109375,2.828125,2.7109375,2.796875,1.8872448205947876,44307200,0.048651215425690765
1996-05-14,2.921875,3.0625,2.8828125,3.0439453125,2.053959846496582,65492800,0.08465156377011006
1996-05-15,3.0390625,3.046875,2.9296875,2.9375,1.982134461402893,33441600,-0.03559528750511658
1996-05-16,2.9609375,3.0625,2.9453125,3.0625,2.0664796829223633,37523200,0.041672248404843605
1996-05-17,3.0625,3.2421875,3.0625,3.140625,2.119196891784668,55120000,0.025190668997443374
1996-05-20,3.1640625,3.1796875,3.0546875,3.109375,2.098109722137451,31113600,-0.010000385230357014
1996-05-21,3.125,3.1328125,3.078125,3.1171875,2.1033806800842285,18409600,0.002509090921299067
1996-05-22,3.1171875,3.1328125,3.0625,3.0703125,2.0717525482177734,18188800,-0.015151007243316323
1996-05-23,3.046875,3.046875,2.9921875,3.03125,2.045393943786621,16372800,-0.012804482238491371
1996-05-24,3.03125,3.09375,2.9609375,3.0859375,2.0822951793670654,17004800,0.017880328485751502
1996-05-28,3.109375,3.1640625,2.9921875,3.0234375,2.040121555328369,16513600,-0.020461344950524436
1996-05-29,3.015625,3.078125,2.9765625,3.0703125,2.0717525482177734,22398400,0.015385498703264241
1996-05-30,3.0625,3.2265625,3.0,3.2265625,2.177184820175171,35358400,0.04963778464661671
1996-05-31,3.234375,3.40625,3.1328125,3.40234375,2.2957959175109863,42230400,0.05304691302911643
1996-06-03,3.328125,3.3359375,3.234375,3.234375,2.182455539703369,27022400,-0.050628951151040456
1996-06-04,3.234375,3.328125,3.234375,3.296875,2.224630117416382,18960000,0.019140025181296
1996-06-05,3.28125,3.2890625,3.234375,3.2578125,2.1982719898223877,15360000,-0.011919069877535922
1996-06-06,3.28125,3.3359375,3.1953125,3.1953125,2.1560983657836914,21937600,-0.019371316348012344
1996-06-07,3.125,3.2578125,3.0859375,3.2578125,2.1982719898223877,21294400,0.019371316348012355
1996-06-10,3.25,3.28125,3.21875,3.234375,2.182455539703369,16548800,-0.00722095530376003
1996-06-11,3.25,3.25,3.125,3.171875,2.1402835845947266,16644800,-0.019512300834160366
1996-06-12,3.171875,3.25,3.171875,3.1953125,2.1560983657836914,6488000,0.0073619397899082565
1996-06-13,3.1875,3.1953125,3.1171875,3.140625,2.119196891784668,8696000,-0.017263083928066168
1996-06-14,3.140625,3.140625,3.015625,3.015625,2.0348501205444336,13588800,-0.040615026937784744
1996-06-17,3.03125,3.046875,2.8984375,2.96875,2.003220319747925,22427200,-0.015666119827758233
1996-06-18,2.9453125,3.0,2.7734375,2.875,1.939961314201355,57785600,-0.03208801377324016
1996-06-19,2.9140625,3.03125,2.875,2.96875,2.003220319747925,27998400,0.03208801377324018
1996-06-20,3.0703125,3.3125,2.9140625,3.3046875,2.229900360107422,52977600,0.10720085739127022
1996-06-21,3.34375,3.3984375,3.296875,3.3203125,2.2404441833496094,52729600,0.0047172394394883925
1996-06-24,3.3046875,3.3046875,3.2109375,3.2265625,2.177184820175171,17057600,-0.028641466970973254
1996-06-25,3.2265625,3.2421875,3.109375,3.1328125,2.113924741744995,20724800,-0.029486388493171846
1996-06-26,3.1171875,3.21875,3.0390625,3.2109375,2.1666407585144043,31371200,0.02463164367031121
1996-06-27,3.2109375,3.234375,3.1171875,3.2109375,2.1666407585144043,14491200,0.0
1996-06-28,3.21875,3.328125,3.2109375,3.3203125,2.2404441833496094,21310400,0.03349621179383397
1996-07-01,3.2890625,3.3046875,3.21875,3.2734375,2.2088139057159424,13097600,-0.014218465135512538
1996-07-02,3.2734375,3.28125,3.234375,3.2421875,2.187727212905884,8155200,-0.009592474598951815
1996-07-03,3.2421875,3.2578125,3.15625,3.1953125,2.1560983657836914,8190400,-0.01456292640268512
1996-07-05,3.140625,3.171875,3.0625,3.109375,2.098109722137451,9510400,-0.027263469158423186
1996-07-08,3.109375,3.15625,3.046875,3.0703125,2.0717525482177734,11395200,-0.012641916322017341
1996-07-09,3.09375,3.1640625,3.0390625,3.140625,2.119196891784668,21286400,0.022642301552374258
1996-07-10,3.0625,3.0859375,2.9765625,3.0234375,2.040121555328369,22508800,-0.03802780025563872
1996-07-11,3.0,3.0078125,2.78125,2.8515625,1.9241458177566528,33707200,-0.058527253799738346
1996-07-12,2.859375,2.859375,2.7265625,2.734375,1.8450713157653809,26716800,-0.04196420794965995
1996-07-15,2.7421875,2.7421875,2.46875,2.5078125,1.6921935081481934,42353600,-0.08649230911430904
1996-07-16,2.5078125,2.671875,2.4921875,2.6640625,1.7976257801055908,47344000,0.06044116202637488
1996-07-17,2.75,2.765625,2.515625,2.546875,1.718551516532898,34089600,-0.044984988714583056
1996-07-18,2.5625,2.6796875,2.546875,2.640625,1.781812071800232,33297600,0.03614906986619866
1996-07-19,2.625,2.625,2.40625,2.421875,1.63420569896698,25272000,-0.08647398906507961
1996-07-22,2.4140625,2.6015625,2.2734375,2.578125,1.7396384477615356,47971200,0.06252042771715546
1996-07-23,2.6171875,2.7734375,2.5546875,2.578125,1.7396384477615356,57006400,0.0
1996-07-24,2.484375,2.7421875,2.453125,2.6953125,1.8187135457992554,42883200,0.044452105197398874
1996-07-25,2.71875,2.7734375,2.6171875,2.65625,1.7923555374145508,23102400,-0.01459871074135504
1996-07-26,2.6796875,2.7421875,2.6328125,2.7109375,1.8292564153671265,12388800,0.020378856429651118
1996-07-29,2.703125,2.8125,2.6484375,2.703125,1.8239843845367432,14081600,-0.0028862233720345033
1996-07-30,2.7109375,2.7421875,2.609375,2.6171875,1.7659962177276611,16720000,-0.03230837004384284
1996-07-31,2.625,2.75,2.578125,2.7109375,1.8292564153671265,19780800,0.03519459341587736
1996-08-01,2.7265625,2.8125,2.6953125,2.7734375,1.8714295625686646,15782400,0.022793056890209926
1996-08-02,2.796875,2.9140625,2.7890625,2.8984375,1.9557753801345825,16334400,0.04408411791792024
1996-08-05,2.921875,2.984375,2.8671875,2.875,1.939961314201355,13508800,-0.008118696943328651
1996-08-06,2.8828125,2.9921875,2.828125,2.984375,2.013762950897217,20044800,0.03733705497915468
1996-08-07,3.0,3.1015625,2.9921875,3.0078125,2.029578447341919,22260800,0.007823023358916242
1996-08-08,3.0078125,3.0234375,2.9375,2.953125,1.9926772117614746,7894400,-0.01834904295029936
1996-08-09,2.953125,2.984375,2.859375,2.875,1.939961314201355,14443200,-0.026811035387771666
1996-08-12,2.875,2.9765625,2.8671875,2.921875,1.9715911149978638,17051200,0.01617285760257121
1996-08-13,2.890625,2.921875,2.7421875,2.7890625,1.8819729089736938,25083200,-0.046520243092828546
1996-08-14,2.8046875,2.8984375,2.7734375,2.8984375,1.9557753801345825,16630400,0.038466082433585874
1996-08-15,2.875,2.8984375,2.84375,2.890625,1.9505040645599365,7563200,-0.0026988948686241035
1996-08-16,2.8984375,2.9765625,2.8984375,2.90625,1.9610470533370972,11692800,0.0053907076710700014
1996-08-19,2.8828125,2.90625,2.8046875,2.8125,1.8977882862091064,10457600,-0.032789393250365104
1996-08-20,2.828125,2.875,2.7890625,2.8203125,1.9030587673187256,7776000,0.002773321006327773
1996-08-21,2.8046875,2.8203125,2.765625,2.796875,1.8872448205947876,5171200,-0.008344470630234281
1996-08-22,2.8125,2.9375,2.8046875,2.9375,1.982134461402893,13097600,0.04905627626499355
1996-08-23,2.921875,2.9296875,2.8515625,2.8671875,1.9346884489059448,8025600,-0.024227969678410444
1996-08-26,2.890625,2.890625,2.8046875,2.8203125,1.9030587673187256,6489600,-0.016483835956348763
1996-08-27,2.8359375,2.9140625,2.8359375,2.859375,1.9294174909591675,8584000,0.013755669959831589
1996-08-28,2.859375,2.859375,2.78125,2.78125,1.876702070236206,7022400,-0.027702120764365484
1996-08-29,2.7890625,2.796875,2.7421875,2.7421875,1.8503427505493164,9768000,-0.01414512594333112
1996-08-30,2.75,2.765625,2.6953125,2.7109375,1.8292564153671265,8644800,-0.011461338618673583
1996-09-03,2.6171875,2.671875,2.5859375,2.65625,1.7923555374145508,17376000,-0.020378856429651038
1996-09-04,2.6484375,2.671875,2.546875,2.578125,1.7396384477615356,13969600,-0.029853394456043836
1996-09-05,2.5546875,2.609375,2.484375,2.4921875,1.681650161743164,28092800,-0.033901752525791286
1996-09-06,2.4921875,2.578125,2.4453125,2.5234375,1.7027374505996704,36683200,0.01246167056732291
1996-09-09,2.53125,2.6171875,2.53125,2.6171875,1.7659962177276611,16582400,0.03647773942828586
1996-09-10,2.6328125,2.6640625,2.546875,2.546875,1.718551516532898,11500800,-0.02723316598809214
1996-09-11,2.515625,2.5390625,2.421875,2.4453125,1.650020956993103,21310400,-0.04069380543454571
1996-09-12,2.46875,2.625,2.46875,2.5234375,1.7027374505996704,21048000,0.03144923199435193
1996-09-13,2.5625,2.609375,2.53125,2.59375,1.7501815557479858,13369600,0.027482307661747515
1996-09-16,2.59375,2.609375,2.4296875,2.4375,1.6447498798370361,15323200,-0.06213120477040011
1996-09-17,2.4453125,2.4921875,2.296875,2.375,1.6025763750076294,57742400,-0.025975755337322267
1996-09-18,2.3828125,2.5234375,2.375,2.4921875,1.681650161743164,27222400,0.0481629818786521
1996-09-19,2.4921875,2.5234375,2.4765625,2.5,1.686922311782837,13990400,0.003130200929851684
1996-09-20,2.4921875,2.515625,2.4765625,2.4921875,1.681650161743164,16896000,-0.003130200929851704
1996-09-23,2.4765625,2.4921875,2.40625,2.4296875,1.6394777297973633,7364800,-0.02539781678966364
1996-09-24,2.421875,2.453125,2.359375,2.421875,1.63420569896698,17020800,-0.0032208584017006437
1996-09-25,2.4296875,2.4453125,2.3828125,2.4453125,1.650020956993103,9340800,0.0096311137643354
1996-09-26,2.453125,2.6484375,2.4453125,2.6015625,1.7554535865783691,36803200,0.061939288375413695
1996-09-27,2.6171875,2.7734375,2.609375,2.72265625,1.8371641635894775,37556800,0.04549588987097292
1996-09-30,2.7265625,2.7421875,2.6328125,2.65625,1.7923555374145508,21129600,-0.02469246983752255
1996-10-01,2.640625,2.6484375,2.5390625,2.59375,1.7501815557479858,15995200,-0.02381116875276476
1996-10-02,2.609375,2.671875,2.4453125,2.48046875,1.6737430095672607,23164800,-0.04465708719082481
1996-10-03,2.546875,2.5546875,2.40625,2.40625,1.623663067817688,32803200,-0.030377691846162857
1996-10-04,2.453125,2.4765625,2.3984375,2.4140625,1.628934383392334,27793600,0.003241298850387421
1996-10-07,2.4140625,2.4609375,2.3828125,2.4296875,1.6394777297973633,12899200,0.006451685167866244
1996-10-08,2.4296875,2.46875,2.375,2.3828125,1.6078482866287231,15424000,-0.019480916483009432
1996-10-09,2.40625,2.4296875,2.328125,2.34375,1.5814900398254395,20025600,-0.0165293513792955
1996-10-10,2.34375,2.390625,2.328125,2.3671875,1.597304344177246,10830400,0.009949957695517285
1996-10-11,2.390625,2.6171875,2.375,2.5859375,1.7449100017547607,21408000,0.08838555588837123
1996-10-14,2.5859375,2.625,2.40625,2.4296875,1.6394777297973633,22000000,-0.06232524572158362
1996-10-15,2.453125,2.4609375,2.359375,2.3828125,1.6078482866287231,19444800,-0.019480916483009432
1996-10-16,2.3984375,2.3984375,2.3203125,2.359375,1.5920330286026,17190400,-0.00988498337746983
1996-10-17,2.375,2.3828125,2.328125,2.34375,1.5814900398254395,12664000,-0.006644368001825608
1996-10-18,2.3515625,2.359375,2.3046875,2.3125,1.56040358543396,11342400,-0.013422969401174857
1996-10-21,2.3125,2.3203125,2.2109375,2.265625,1.5287730693817139,25182400,-0.020478998152283413
1996-10-22,2.2734375,2.3828125,2.2421875,2.3515625,1.5867620706558228,19603200,0.03723000807079038
1996-10-23,2.3671875,2.40625,2.28125,2.3671875,1.597304344177246,20401600,0.006621917178185103
1996-10-24,2.375,2.3828125,2.3046875,2.3125,1.56040358543396,11688000,-0.02337292709669216
1996-10-25,2.328125,2.421875,2.3203125,2.328125,1.5709466934204102,13833600,0.006733930661228265
1996-10-28,2.34375,2.375,2.3203125,2.3359375,1.5762189626693726,9022400,0.003350490414048331
1996-10-29,2.3515625,2.3828125,2.3203125,2.359375,1.5920330286026,13200000,0.009982916327723747
1996-10-30,2.375,2.40625,2.3515625,2.390625,1.6131200790405273,10728000,0.013158407094012522
1996-10-31,2.390625,2.5,2.390625,2.484375,1.6763792037963867,18766400,0.03846599080580411
1996-11-01,2.4921875,2.5234375,2.484375,2.5078125,1.6921935081481934,17422400,0.009389389446051175
1996-11-04,2.5078125,2.5078125,2.4375,2.4453125,1.650020956993103,11406400,-0.025237632122753876
1996-11-05,2.4375,2.5078125,2.40625,2.4609375,1.6605638265609741,11515200,0.006369210213934582
1996-11-06,2.4765625,2.546875,2.4453125,2.5,1.686922311782837,15374400,0.01574855214294621
1996-11-07,2.4921875,2.6015625,2.484375,2.6015625,1.7554535865783691,15059200,0.039821526018533
1996-11-08,2.6015625,2.6640625,2.5859375,2.65625,1.7923555374145508,26556800,0.020803420033450287
1996-11-11,2.6640625,2.84375,2.65625,2.796875,1.8872448205947876,57864000,0.051587301165955494
1996-11-12,2.8125,2.8671875,2.71875,2.7265625,1.8397997617721558,29088000,-0.02546125803940796
1996-11-13,2.7421875,2.765625,2.6796875,2.734375,1.8450713157653809,22776000,0.002861189701651258
1996-11-14,2.734375,2.890625,2.7265625,2.875,1.939961314201355,45713600,0.0501501014662538
1996-11-15,2.890625,2.921875,2.71875,2.734375,1.8450713157653809,35758400,-0.05015010146625381
1996-11-18,2.7421875,2.8515625,2.6015625,2.6171875,1.7659962177276611,41027200,-0.04380296981442512
1996-11-19,2.6015625,2.6953125,2.5625,2.65625,1.7923555374145508,35056000,0.014815736986226229
1996-11-20,2.65625,2.671875,2.546875,2.5625,1.7290945053100586,22491200,-0.03593283329960831
1996-11-21,2.578125,2.6015625,2.5078125,2.5703125,1.7343672513961792,18113600,0.0030447861301913927
1996-11-22,2.5859375,2.6328125,2.578125,2.609375,1.760724425315857,12046400,0.01508267937772167
1996-11-25,2.6171875,2.71875,2.59375,2.625,1.7712690830230713,18534400,0.005970956068155971
1996-11-26,2.625,2.6953125,2.5546875,2.5703125,1.7343672513961792,19574400,-0.021053635445877555
1996-11-27,2.5625,2.6875,2.4921875,2.6796875,1.8081696033477783,22436800,0.041672414452531926
1996-11-29,2.6953125,2.703125,2.6015625,2.625,1.7712690830230713,4672000,-0.02061877900665438
1996-12-02,2.609375,2.6875,2.5625,2.6328125,1.7765398025512695,18884800,0.0029712555415707335
1996-12-03,2.65625,2.6875,2.46875,2.46875,1.6658357381820679,37678400,-0.06434059891234369
1996-12-04,2.4765625,2.5703125,2.421875,2.4765625,1.6711076498031616,71742400,0.0031597275676007648
1996-12-05,2.484375,2.6015625,2.4140625,2.4453125,1.650020956993103,41308800,-0.0126986808821526
1996-12-06,2.375,2.5546875,2.375,2.53125,1.7080085277557373,45072000,0.03454009914537108
1996-12-09,2.578125,2.59375,2.48828125,2.515625,1.697464942932129,19052800,-0.006192160123163186
1996-12-10,2.515625,2.5546875,2.4609375,2.46875,1.6658357381820679,21022400,-0.018808985707656083
1996-12-11,2.4453125,2.5078125,2.421875,2.4765625,1.6711076498031616,20329600,0.0031597275676007648
1996-12-12,2.5078125,2.5390625,2.4375,2.4453125,1.650020956993103,15465600,-0.0126986808821526
1996-12-13,2.4453125,2.4921875,2.40625,2.46875,1.6658357381820679,17728000,0.009538953314551778
1996-12-16,2.5078125,2.5234375,2.40625,2.4296875,1.6394777297973633,11011200,-0.015949208677186497
1996-12-17,2.421875,2.4921875,2.4140625,2.4609375,1.6605638265609741,11899200,0.01277946557656934
1996-12-18,2.484375,2.515625,2.4765625,2.4921875,1.681650161743164,11708800,0.012618351213094322
1996-12-19,2.515625,2.5625,2.4921875,2.546875,1.718551516532898,20688000,0.02170624400751668
1996-12-20,2.5546875,2.5546875,2.4765625,2.5,1.686922311782837,13584000,-0.01857604307766505
1996-12-23,2.5078125,2.53125,2.484375,2.5078125,1.6921935081481934,8267200,0.0031198697658732775
1996-12-24,2.515625,2.5390625,2.5,2.5390625,1.7132800817489624,7004800,0.012384088462157479
1996-12-26,2.53125,2.546875,2.5078125,2.53125,1.7080085277557373,7563200,-0.0030816214395403513
1996-12-27,2.5234375,2.5546875,2.515625,2.53125,1.7080085277557373,3379200,0.0
1996-12-30,2.546875,2.5625,2.53125,2.53125,1.7080085277557373,9651200,0.0
1996-12-31,2.484375,2.5078125,2.4453125,2.4921875,1.681650161743164,10406400,-0.015552537718342157
1997-01-02,2.515625,2.5234375,2.453125,2.4609375,1.6605638265609741,9158400,-0.012618351213094453
1997-01-03,2.4765625,2.515625,2.4765625,2.4921875,1.681650161743164,8451200,0.012618351213094322
1997-01-06,2.5,2.5,2.4453125,2.484375,1.6763792037963867,9488000,-0.003139318750326315
1997-01-07,2.4609375,2.5546875,2.453125,2.546875,1.718551516532898,16086400,0.024845562757843092
1997-01-08,2.546875,2.625,2.546875,2.5703125,1.7343672513961792,16952000,0.009160855804901563
1997-01-09,2.578125,2.6640625,2.5625,2.6328125,1.7765398025512695,21212800,0.024024890987448203
1997-01-10,2.625,2.8046875,2.6171875,2.78125,1.876702070236206,51009600,0.05484847717362436
1997-01-13,2.7890625,2.796875,2.7265625,2.7265625,1.8397997617721558,13628800,-0.01985927786510813
1997-01-14,2.734375,2.8828125,2.734375,2.8828125,1.9452323913574219,29827200,0.05572471077558863
1997-01-15,2.875,2.9296875,2.828125,2.890625,1.9505040645599365,24625600,0.0027063824670209386
1997-01-16,2.890625,3.1328125,2.890625,3.09375,2.087566614151001,45131200,0.06791125438647662
1997-01-17,3.09375,3.125,3.015625,3.0625,2.0664796829223633,43844800,-0.010152564919841314
1997-01-20,3.078125,3.296875,3.078125,3.28125,2.2140860557556152,54544000,0.06899317915161655
1997-01-21,3.265625,3.5546875,3.2265625,3.546875,2.3933212757110596,52169600,0.07784235393955276
1997-01-22,3.5546875,3.6953125,3.546875,3.6875,2.4882102012634277,64054400,0.03888160097094716
1997-01-23,3.6796875,3.7578125,3.5625,3.6015625,2.4302220344543457,59804800,-0.02358103196483783
1997-01-24,3.5703125,3.6328125,3.484375,3.4921875,2.356419324874878,41155200,-0.0308393937336098
1997-01-27,3.4765625,3.484375,3.328125,3.359375,2.266803026199341,28304000,-0.03877275132624564
1997-01-28,3.40625,3.5078125,3.3984375,3.40625,2.2984321117401123,18979200,0.013856719608826533
1997-01-29,3.419921875,3.421875,3.328125,3.3828125,2.2826168537139893,14476800,-0.006904672260601898
1997-01-30,3.3828125,3.5,3.359375,3.484375,2.3511486053466797,22635200,0.029581449310336735
1997-01-31,3.5390625,3.59375,3.4765625,3.5,2.36169171333313,16606400,0.004474212942385402
1997-02-03,3.5,3.5234375,3.4453125,3.5,2.36169171333313,12220800,0.0
1997-02-04,3.5,3.53125,3.4609375,3.4921875,2.356419324874878,11995200,-0.002234958274700932
1997-02-05,3.4765625,3.484375,3.3671875,3.390625,2.287889242172241,19740800,-0.029513567443759582
1997-02-06,3.390625,3.46875,3.3828125,3.4375,2.3195178508758545,21740800,0.013729676977372502
1997-02-07,3.484375,3.6484375,3.46875,3.625,2.4460372924804688,43507200,0.05310994227958609
1997-02-10,3.65625,3.65625,3.53125,3.6171875,2.4407660961151123,23324800,-0.0021573196179800126
1997-02-11,3.625,3.625,3.5546875,3.625,2.4460372924804688,19740800,0.0021573196179800413
1997-02-12,3.625,3.9453125,3.625,3.9453125,2.6621744632720947,51985600,0.08467397278334565
1997-02-13,3.96875,3.984375,3.8125,3.8359375,2.588371515274048,37344000,-0.028114336866216297
1997-02-14,3.859375,3.859375,3.6875,3.7421875,2.525111436843872,26534400,-0.024743724221437648
1997-02-18,3.7578125,3.765625,3.6484375,3.671875,2.4776670932769775,33000000,-0.018967765899668775
1997-02-19,3.671875,3.6953125,3.625,3.63671875,2.453944683074951,24257600,-0.009620624756912265
1997-02-20,3.515625,3.578125,3.4453125,3.5078125,2.366962432861328,46198400,-0.03608934529800247
1997-02-21,3.53125,3.5703125,3.40625,3.40625,2.2984321117401123,34073600,-0.029380259271726397
1997-02-24,3.3828125,3.46875,3.3671875,3.4140625,2.3037025928497314,23523200,0.00229045160651869
1997-02-25,3.46875,3.6171875,3.421875,3.5859375,2.4196794033050537,47080000,0.04911740188229929
1997-02-26,3.6328125,3.640625,3.4609375,3.5703125,2.409135341644287,34897600,-0.004367149694369772
1997-02-27,3.5703125,3.625,3.515625,3.5234375,2.3775060176849365,25608000,-0.01321585719315505
1997-02-28,3.5078125,3.5234375,3.4375,3.48046875,2.348513126373291,14212800,-0.012269630804303414
1997-03-03,3.5,3.5859375,3.5,3.546875,2.3933212757110596,19128000,0.018899640647930045
1997-03-04,3.578125,3.6796875,3.5625,3.65625,2.4671244621276855,27152000,0.03037123070068008
1997-03-05,3.6953125,3.9296875,3.6640625,3.9140625,2.6410880088806152,53811200,0.06813766975793087
1997-03-06,3.890625,3.90625,3.625,3.7109375,2.504025936126709,65582400,-0.05329114577191947
1997-03-07,3.7265625,3.7890625,3.625,3.671875,2.4776670932769775,23433600,-0.010582381804970294
1997-03-10,3.6953125,3.7578125,3.6484375,3.71875,2.5092966556549072,14097600,0.012685067747736421
1997-03-11,3.7265625,3.75,3.7109375,3.7265625,2.514569044113159,11518400,0.002098937634474639
1997-03-12,3.7431640625,3.765625,3.6015625,3.6640625,2.472395896911621,20787200,-0.016913755394784187
1997-03-13,3.6484375,3.734375,3.625,3.6953125,2.4934823513031006,22342400,0.008492588852996025
1997-03-14,3.703125,3.71875,3.65625,3.6953125,2.4934823513031006,11364800,0.0
1997-03-17,3.6875,3.7265625,3.5546875,3.609375,2.4354941844940186,21299200,-0.023530581643966045
1997-03-18,3.625,3.625,3.4765625,3.5234375,2.3775060176849365,21801600,-0.024097639921804564
1997-03-19,3.515625,3.5234375,3.375,3.37890625,2.2799813747406006,33318400,-0.041884772572407886
1997-03-20,3.390625,3.53125,3.3203125,3.5234375,2.3775060176849365,36152000,0.04188477257240779
1997-03-21,3.546875,3.65625,3.5234375,3.5625,2.4038639068603516,25667200,0.011025357415539033
1997-03-24,3.5859375,3.6796875,3.4375,3.640625,2.4565811157226562,20723200,0.021693188985765784
1997-03-25,3.65625,3.7578125,3.65625,3.71875,2.5092966556549072,25484800,0.021231904071779717
1997-03-26,3.75,3.875,3.7421875,3.828125,2.5831005573272705,30076800,0.028987946791169557
1997-03-27,3.8203125,3.828125,3.671875,3.7421875,2.525111436843872,21033600,-0.022705248639237268
1997-03-31,3.7421875,3.765625,3.515625,3.5234375,2.3775060176849365,28252800,-0.0602331486250166
1997-04-01,3.4609375,3.71875,3.421875,3.69921875,2.4961178302764893,31588800,0.048684610503789603
1997-04-02,3.6796875,3.703125,3.5,3.53515625,2.385413885116577,24473600,-0.045364011014702554
1997-04-03,3.5390625,3.6875,3.53125,3.5859375,2.4196794033050537,31366400,0.014262407398437739
1997-04-04,3.5625,3.6875,3.4921875,3.6796875,2.4829390048980713,29027200,0.025807887721469924
1997-04-07,3.75,3.7890625,3.6875,3.7578125,2.5356552600860596,16676800,0.021009147741676643
1997-04-08,3.609375,3.7265625,3.546875,3.578125,2.414407968521118,33113600,-0.04899797944199565
1997-04-09,3.6015625,3.6640625,3.546875,3.5625,2.4038639068603516,19585600,-0.0043767054931365245
1997-04-10,3.5546875,3.578125,3.453125,3.515625,2.3722352981567383,25217600,-0.013244729520743521
1997-04-11,3.453125,3.5,3.34375,3.3671875,2.272073268890381,38212800,-0.043139925456507085
1997-04-14,3.375,3.484375,3.3359375,3.40625,2.2984321117401123,21889600,0.01153445096041833
1997-04-15,3.4453125,3.4609375,3.3828125,3.4140625,2.3037025928497314,18622400,0.00229045160651869
1997-04-16,3.4140625,3.4140625,3.09375,3.1640625,2.135009765625,58356800,-0.07604643080383697
1997-04-17,3.203125,3.3125,3.1875,3.2421875,2.187727212905884,39065600,0.024391981879263232
1997-04-18,3.2890625,3.2890625,3.015625,3.015625,2.0348501205444336,55206400,-0.0724410372685361
1997-04-21,3.03125,3.1328125,2.7265625,2.84375,1.9188743829727173,79248000,-0.058683410089697775
1997-04-22,2.78125,2.78125,2.578125,2.6484375,1.787083387374878,66555200,-0.07115385683346431
1997-04-23,2.65625,2.8125,2.640625,2.796875,1.8872448205947876,48352000,0.05453310019366638
1997-04-24,2.875,2.890625,2.6796875,2.6875,1.8134407997131348,33089600,-0.03989196362323804
1997-04-25,2.9765625,2.9765625,2.796875,2.8203125,1.9030587673187256,48457600,0.04823643425347231
1997-04-28,2.84375,2.8984375,2.796875,2.80859375,1.8951516151428223,22569600,-0.004163625919968235
1997-04-29,2.859375,2.875,2.796875,2.828125,1.908332109451294,19382400,0.0069307761115651465
1997-04-30,2.8515625,2.953125,2.84375,2.921875,1.9715911149978638,31956800,0.032611269909237205
1997-05-01,2.953125,3.0625,2.9375,3.0625,2.0664796829223633,33721600,0.04700563393876858
1997-05-02,3.0625,3.109375,2.984375,3.09375,2.087566614151001,37902400,0.01015256491984116
1997-05-05,3.1171875,3.3359375,3.1015625,3.3359375,2.2509875297546387,39363200,0.07536993383587365
1997-05-06,3.2890625,3.328125,3.1953125,3.25,2.1929988861083984,24468800,-0.0260990605350271
1997-05-07,3.2265625,3.359375,3.203125,3.265625,2.203542470932007,22147200,0.004796317914468636
1997-05-08,3.265625,3.34375,3.2109375,3.234375,2.182455539703369,17244800,-0.009615642165394744
1997-05-09,3.25,3.2890625,3.1484375,3.2109375,2.1666407585144043,14755200,-0.007272706700936592
1997-05-12,3.203125,3.21875,3.125,3.15625,2.129739761352539,25344000,-0.017178136064991308
1997-05-13,3.1484375,3.1875,3.125,3.171875,2.1402835845947266,17512000,0.004938541931767473
1997-05-14,3.1953125,3.2109375,3.1015625,3.1484375,2.1244683265686035,13598400,-0.007416764610539287
1997-05-15,3.140625,3.1796875,3.0703125,3.1328125,2.113924741744995,13275200,-0.004975284926548045
1997-05-16,3.1171875,3.1640625,3.0859375,3.1015625,2.092838764190674,12160000,-0.010024882129114593
1997-05-19,3.1171875,3.2109375,3.0859375,3.15234375,2.1271040439605713,12809600,0.01624004609330777
1997-05-20,3.15625,3.296875,3.109375,3.28125,2.2140860557556152,19417600,0.04007825158890964
1997-05-21,3.3125,3.375,3.28125,3.296875,2.224630117416382,22801600,0.004750959999441112
1997-05-22,3.3359375,3.34375,3.25,3.30078125,2.227264404296875,18032000,0.0011834454635426994
1997-05-23,3.3125,3.53125,3.3046875,3.515625,2.3722352981567383,37350400,0.06305856652773792
1997-05-27,3.5078125,3.5390625,3.453125,3.5,2.36169171333313,14172800,-0.0044544845039684935
1997-05-28,3.5,3.515625,3.4140625,3.4375,2.3195178508758545,14292800,-0.018018848741088063
1997-05-29,3.4375,3.4375,3.3125,3.3359375,2.2509875297546387,22345600,-0.029990319141566628
1997-05-30,2.9765625,3.171875,2.953125,3.015625,2.0348501205444336,102067200,-0.10094685669605641
1997-06-02,3.0,3.0390625,2.953125,2.96484375,2.0005834102630615,36332800,-0.016983322190279707
1997-06-03,2.953125,2.9609375,2.8203125,2.91015625,1.963682770729065,33859200,-0.018617168299664734
1997-06-04,2.9453125,2.984375,2.890625,2.9140625,1.9663194417953491,23008000,0.0013418167824363653
1997-06-05,2.953125,3.015625,2.9296875,2.99609375,2.0216708183288574,14592000,0.027760815673153437
1997-06-06,2.921875,3.0,2.875,2.91796875,1.96895432472229,35587200,-0.026421705117185248
1997-06-09,2.9375,3.046875,2.9140625,3.0390625,2.050666093826294,18425600,0.04066206199916351
1997-06-10,3.0625,3.0859375,2.9140625,2.9140625,1.9663194417953491,30494400,-0.04200117255513155
1997-06-11,2.9140625,2.984375,2.875,2.9609375,1.9979496002197266,14185600,0.01595796315637331
1997-06-12,2.9609375,3.0078125,2.890625,2.94921875,1.9900420904159546,14505600,-0.003965665317437468
1997-06-13,2.953125,3.0390625,2.9453125,3.01171875,2.0322141647338867,14926400,0.02097013071740633
1997-06-16,3.03125,3.03125,2.953125,2.96875,2.003220319747925,12033600,-0.014369874676592384
1997-06-17,2.96875,3.046875,2.9609375,3.0234375,2.040121555328369,18944000,0.018253346509904303
1997-06-18,3.01953125,3.09375,3.0,3.0,2.0243072509765625,13700800,-0.007781848279875126
1997-06-19,3.0,3.078125,2.9921875,3.078125,2.0770227909088135,17558400,0.025707974081548148
1997-06-20,3.078125,3.12109375,3.0390625,3.109375,2.098109722137451,21867200,0.010101289223608733
1997-06-23,3.109375,3.125,3.046875,3.046875,2.055936813354492,16472000,-0.020305192735092653
1997-06-24,3.1015625,3.125,3.0625,3.125,2.1086525917053223,8475200,0.02531754706096311
1997-06-25,3.1328125,3.2578125,3.078125,3.1171875,2.1033806800842285,29425600,-0.0025032634045713416
1997-06-26,3.12890625,3.171875,3.0546875,3.06640625,2.06911563873291,14796800,-0.016424609648536252
1997-06-27,3.078125,3.1796875,3.046875,3.171875,2.1402835845947266,18193600,0.033817048095752145
1997-06-30,3.1953125,3.2421875,3.1796875,3.1796875,2.145554780960083,21110400,0.002459821660844436
1997-07-01,3.1875,3.3125,3.1640625,3.2265625,2.177184820175171,19083200,0.014634517295239985
1997-07-02,3.2578125,3.3984375,3.2421875,3.38671875,2.2852535247802734,23163200,0.04844429457915899
1997-07-03,3.390625,3.4296875,3.3359375,3.3828125,2.2826168537139893,13625600,-0.0011544422851971583
1997-07-07,3.40234375,3.4375,3.3828125,3.40625,2.2984321117401123,17265600,0.006904672260602037
1997-07-08,3.421875,3.4296875,3.2421875,3.28125,2.2140860557556152,18904000,-0.037387497494632806
1997-07-09,3.328125,3.375,3.31640625,3.3203125,2.2404441833496094,13179200,0.011834439911042332
1997-07-10,3.34375,3.39453125,3.3125,3.3828125,2.2826168537139893,17782400,0.01864838532298861
1997-07-11,3.390625,3.453125,3.3828125,3.421875,2.3089749813079834,18129600,0.011481167350373436
1997-07-14,3.4375,3.546875,3.421875,3.54296875,2.3906848430633545,21622400,0.03477617509152437
1997-07-15,3.5390625,3.5546875,3.4140625,3.4609375,2.3353326320648193,16964800,-0.02342553429109308
1997-07-16,3.4609375,3.5,3.25,3.35546875,2.2641656398773193,36796800,-0.03094801566620553
1997-07-17,3.3203125,3.3203125,3.2421875,3.27734375,2.2114500999450684,27273600,-0.023557865978513337
1997-07-18,3.2578125,3.3203125,3.21875,3.31640625,2.237807512283325,17796800,0.01184814320465002
1997-07-21,3.34375,3.375,3.265625,3.3515625,2.261531352996826,17955200,0.010545576264652575
1997-07-22,3.3828125,3.40625,3.140625,3.2265625,2.177184820175171,50656000,-0.038009498269350184
1997-07-23,2.953125,3.046875,2.9375,2.9921875,2.0190351009368896,100868800,-0.07541295088851681
1997-07-24,3.0,3.0,2.8125,2.88671875,1.9478679895401,61756800,-0.035884288740091856
1997-07-25,2.90625,2.96875,2.8515625,2.890625,1.9505040645599365,26771200,0.001352398070287524
1997-07-28,2.8984375,3.0234375,2.8984375,2.984375,2.013762950897217,18680000,0.03191725290445029
1997-07-29,2.984375,3.0078125,2.8671875,2.90625,1.9610470533370972,21528000,-0.026526545233380324
1997-07-30,2.921875,2.9375,2.859375,2.89453125,1.9531397819519043,26433600,-0.004040319215497589
1997-07-31,2.8984375,2.90625,2.84765625,2.890625,1.9505040645599365,19920000,-0.001350388455572315
1997-08-01,2.8984375,2.984375,2.875,2.9609375,1.9979496002197266,18065600,0.02403362097515914
1997-08-04,2.96875,3.0234375,2.921875,2.9921875,2.0190351009368896,20814400,0.010498269694645184
1997-08-05,3.0078125,3.0078125,2.9609375,2.9921875,2.0190351009368896,24188800,0.0
1997-08-06,2.9921875,3.03125,2.96875,2.9921875,2.0190351009368896,16579200,0.0
1997-08-07,3.0078125,3.0078125,2.921875,2.921875,1.9715911149978638,15753600,-0.023778835141937526
1997-08-08,2.9140625,2.9453125,2.875,2.8828125,1.9452323913574219,15332800,-0.013459437994887656
1997-08-11,2.90625,2.9296875,2.828125,2.8359375,1.9136029481887817,16283200,-0.016393625927290247
1997-08-12,2.8515625,2.91796875,2.84375,2.875,1.939961314201355,10843200,0.013680206319606746
1997-08-13,2.921875,2.9453125,2.859375,2.890625,1.9505040645599365,11683200,0.005419802074704434
1997-08-14,2.8984375,2.90625,2.84375,2.87890625,1.9425971508026123,8312000,-0.004062018525551018
1997-08-15,2.875,2.87890625,2.8125,2.81640625,1.9004241228103638,12275200,-0.02194873149851814
1997-08-18,2.8359375,2.84375,2.703125,2.73828125,1.8477073907852173,26033600,-0.02813146143075316
1997-08-19,2.78515625,2.953125,2.78515625,2.91796875,1.96895432472229,29705600,0.06355697982957628
1997-08-20,2.921875,2.96875,2.8984375,2.9609375,1.9979496002197266,10849600,0.014618852600405354
1997-08-21,2.96484375,2.97265625,2.90625,2.92578125,1.9742259979248047,7676800,-0.011945033037565007
1997-08-22,2.875,2.921875,2.85546875,2.890625,1.9505040645599365,8427200,-0.012088587937594174
1997-08-25,2.8984375,2.9296875,2.8828125,2.90625,1.9610470533370972,9217600,0.0053907076710700014
1997-08-26,2.890625,2.90625,2.8671875,2.87890625,1.9425971508026123,5764800,-0.009452726196621039
1997-08-27,2.8828125,2.890625,2.84375,2.8828125,1.9452323913574219,10694400,0.0013556360585300655
1997-08-28,2.875,2.8828125,2.828125,2.859375,1.9294174909591675,13148800,-0.008163312146115115
1997-08-29,2.8671875,2.921875,2.8671875,2.890625,1.9505040645599365,17182400,0.010869694613135902
1997-09-02,2.90625,3.0,2.8984375,3.0,2.0243072509765625,13928000,0.03713970992856479
1997-09-03,2.9921875,3.109375,2.96875,3.04296875,2.053300142288208,31659200,0.014220780530286737
1997-09-04,3.03125,3.046875,2.9921875,3.0078125,2.029578447341919,6673600,-0.01162021419548506
1997-09-05,3.03125,3.125,3.0234375,3.12109375,2.106017589569092,17300800,0.03697065571782229
1997-09-08,3.1484375,3.27734375,3.1484375,3.21875,2.17191219329834,35502400,0.030809208797305854
1997-09-09,3.2265625,3.2265625,3.140625,3.17578125,2.1429190635681152,11281600,-0.013439026635093833
1997-09-10,3.1953125,3.2421875,3.1640625,3.1875,2.150825023651123,16352000,0.003682552502865565
1997-09-11,3.1953125,3.3203125,3.1796875,3.2734375,2.2088139057159424,24284800,0.026604176747515557
1997-09-12,3.28125,3.3046875,3.1875,3.26171875,2.20090651512146,13200000,-0.003586349389614725
1997-09-15,3.28125,3.296875,3.171875,3.171875,2.1402835845947266,14468800,-0.027930991401930533
1997-09-16,3.2109375,3.2421875,3.2109375,3.234375,2.182455539703369,18766400,0.01951230083416041
1997-09-17,3.25,3.25,3.171875,3.23046875,2.1798205375671387,11502400,-0.001208086058760034
1997-09-18,3.234375,3.3359375,3.2265625,3.3203125,2.2404441833496094,21300800,0.02743159115165726
1997-09-19,3.3203125,3.43359375,3.3046875,3.3984375,2.293161153793335,38923200,0.023257139823750356
1997-09-22,3.40234375,3.5,3.3984375,3.4921875,2.356419324874878,25875200,0.02721194947725922
1997-09-23,3.48828125,3.5078125,3.4609375,3.5,2.36169171333313,17630400,0.002234958274701021
1997-09-24,3.484375,3.546875,3.4296875,3.515625,2.3722352981567383,24828800,0.004454484503968614
1997-09-25,3.51953125,3.5390625,3.421875,3.453125,2.330061674118042,17084800,-0.017937937620910734
1997-09-26,3.453125,3.53125,3.4375,3.50390625,2.3643274307250977,16816000,0.014598860221692106
1997-09-29,3.578125,3.87109375,3.578125,3.8515625,2.5989151000976562,79174400,0.09460049172566547
1997-09-30,3.8515625,4.0634765625,3.8203125,3.98046875,2.685896635055542,84574400,0.03292052575386546
1997-10-01,3.9453125,3.9609375,3.796875,3.875,2.614729642868042,38025600,-0.026853909383550853
1997-10-02,3.890625,3.890625,3.7734375,3.8203125,2.5778276920318604,16030400,-0.01421364068672644
1997-10-03,3.890625,4.046875,3.875,4.03125,2.720162868499756,30764800,0.05374469220339225
1997-10-06,4.03125,4.0546875,3.9609375,3.9921875,2.6938042640686035,26235200,-0.009737337539348022
1997-10-07,4.0,4.09375,3.9609375,4.0078125,2.704348087310791,26196800,0.003906461309156967
1997-10-08,4.0078125,4.0703125,3.9609375,4.046875,2.7307050228118896,12011200,0.009698945560291166
1997-10-09,4.03125,4.1640625,4.0234375,4.10546875,2.7702431678771973,21539200,0.014375276613223199
1997-10-10,4.109375,4.2421875,4.0859375,4.21875,2.846681833267212,24230400,0.027218944380284403
1997-10-13,4.234375,4.2734375,4.1796875,4.21484375,2.844045400619507,9697600,-0.0009265715006083016
1997-10-14,4.2109375,4.28125,4.1015625,4.171875,2.815051794052124,23913600,-0.010246814732766936
1997-10-15,4.1640625,4.2421875,4.140625,4.1796875,2.8203237056732178,11347200,0.0018710068776373416
1997-10-16,4.2109375,4.234375,4.0390625,4.05078125,2.7333409786224365,23556800,-0.03132700495288785
1997-10-17,4.015625,4.0390625,3.828125,3.84375,2.5936436653137207,40542400,-0.05246095500423672
1997-10-20,3.875,4.0,3.765625,3.9921875,2.6938042640686035,17443200,0.037890711449906536
1997-10-21,4.015625,4.0625,3.9609375,3.99609375,2.6964406967163086,13579200,0.0009782237642718813
1997-10-22,3.96875,4.03125,3.9296875,3.9609375,2.6727170944213867,14211200,-0.008837049535787875
1997-10-23,3.84375,3.953125,3.8125,3.8359375,2.588371515274048,18308800,-0.03206667395090448
1997-10-24,3.8828125,3.890625,3.5625,3.703125,2.4987528324127197,41254400,-0.035237179014740286
1997-10-27,3.671875,3.703125,3.40625,3.4375,2.3195178508758545,30124800,-0.07443239918197517
1997-10-28,3.3515625,3.71875,3.25,3.7109375,2.504025936126709,57156800,0.0765404698805792
1997-10-29,3.7421875,3.75,3.484375,3.58203125,2.4170432090759277,29576000,-0.03535483234892545
1997-10-30,3.453125,3.5546875,3.375,3.390625,2.287889242172241,26164800,-0.054915314509026154
1997-10-31,3.5,3.5625,3.4609375,3.5234375,2.3775060176849365,11475200,0.038422382327633675
1997-11-03,3.640625,3.71875,3.609375,3.6953125,2.4934823513031006,11739200,0.047628221565770595
1997-11-04,3.6875,3.9296875,3.65625,3.921875,2.6463584899902344,23864000,0.059504272163293806
1997-11-05,3.9296875,4.2109375,3.921875,4.0703125,2.7465200424194336,74908800,0.03715013095304953
1997-11-06,4.08203125,4.09375,3.859375,3.859375,2.604186534881592,17020800,-0.05321431545424651
1997-11-07,3.7890625,3.9296875,3.7421875,3.90625,2.6358160972595215,19792000,0.012072492611894626
1997-11-10,4.03125,4.046875,3.921875,3.94140625,2.659539222717285,16137600,0.008960034874397383
1997-11-11,4.0,4.02734375,3.8828125,3.89453125,2.627908706665039,13952000,-0.011964521939102192
1997-11-12,3.9453125,4.046875,3.7734375,3.875,2.614729642868042,51224000,-0.005027656183500687
1997-11-13,3.953125,4.09375,3.875,4.0625,2.741248369216919,44881600,0.047252720721348125
1997-11-14,4.125,4.421875,4.125,4.36328125,2.944207191467285,92296000,0.07142615008181387
1997-11-17,4.453125,4.49609375,4.3125,4.31640625,2.91257643699646,35617600,-0.010801512916946263
1997-11-18,4.3125,4.421875,4.25,4.265625,2.8783111572265625,30390400,-0.01183434460458384
1997-11-19,4.25,4.328125,4.21875,4.29296875,2.896761655807495,16102400,0.006389724235122937
1997-11-20,4.3125,4.44921875,4.296875,4.4375,2.9942877292633057,30246400,0.03311294069800918
1997-11-21,4.46875,4.46875,4.32421875,4.3515625,2.936298370361328,20224000,-0.01955665296700167
1997-11-24,4.3125,4.34375,4.1875,4.1875,2.8255956172943115,20299200,-0.038430550015801285
1997-11-25,4.2109375,4.328125,4.125,4.2734375,2.8835833072662354,31136000,0.020314544323995272
1997-11-26,4.3046875,4.3203125,4.21875,4.26953125,2.8809475898742676,5392000,-0.0009144603863426476
1997-11-28,4.2578125,4.2890625,4.23046875,4.234375,2.8572256565093994,2396800,-0.008268160436078833
1997-12-01,4.296875,4.43359375,4.28125,4.4296875,2.9890146255493164,18614400,0.045092672557329856
1997-12-02,4.375,4.4609375,4.22265625,4.25,2.8677682876586914,36280000,-0.04140964924957719
1997-12-03,4.1875,4.2109375,3.9375,4.09765625,2.764971971511841,67547200,-0.03650362912730519
1997-12-04,4.140625,4.1875,4.015625,4.03125,2.720162868499756,24408000,-0.01633874139731648
1997-12-05,3.9609375,4.21875,3.953125,4.1875,2.8255956172943115,23337600,0.03802742371529537
1997-12-08,4.21875,4.37890625,4.2109375,4.28515625,2.8914906978607178,22460800,0.02305300119191345
1997-12-09,4.265625,4.3125,4.068359375,4.0703125,2.7465200424194336,26179200,-0.051437510333317386
1997-12-10,4.0625,4.0625,3.8046875,3.90625,2.6358160972595215,69076800,-0.04114182284235192
1997-12-11,3.859375,3.875,3.6015625,3.7109375,2.504025936126709,62568000,-0.05129303730944403
1997-12-12,3.765625,3.7734375,3.1484375,3.16796875,2.1376471519470215,180356800,-0.1581940485869313
1997-12-15,3.3125,3.32421875,3.1328125,3.1796875,2.145554780960083,73518400,0.0036923956055163474
1997-12-16,3.2421875,3.4921875,3.2265625,3.28125,2.2140860557556152,55036800,0.031441544355170936
1997-12-17,3.375,3.40625,3.203125,3.22265625,2.1745479106903076,33820800,-0.01801891665457037
1997-12-18,3.265625,3.28125,3.0625,3.0703125,2.0717525482177734,40369600,-0.04842589505197733
1997-12-19,3.0078125,3.09375,2.8984375,3.0,2.0243072509765625,52814400,-0.02316734698313946
1997-12-22,3.078125,3.1328125,2.96875,3.02734375,2.042757749557495,36022400,0.009073189217779448
1997-12-23,3.0703125,3.0703125,2.90625,2.90625,1.9610470533370972,31073600,-0.04082219147527433
1997-12-24,2.953125,2.953125,2.84375,2.86328125,1.9320536851882935,17700800,-0.014895018720056327
1997-12-26,2.87890625,2.90625,2.8671875,2.89453125,1.9531397819519043,11395200,0.010854699504558554
1997-12-29,3.0,3.1875,2.9765625,3.1875,2.150825023651123,33779200,0.09641327819069406
1997-12-30,3.1796875,3.359375,3.1328125,3.2734375,2.2088139057159424,34825600,0.026604176747515557
1997-12-31,3.30078125,3.40625,3.15625,3.15625,2.129739761352539,38304000,-0.03645588272331269
1998-01-02,3.203125,3.30859375,3.1953125,3.23828125,2.185091495513916,23992000,0.025657907559663237
1998-01-05,3.2890625,3.359375,3.2421875,3.2734375,2.2088139057159424,24339200,0.010797975163649463
1998-01-06,3.2734375,3.359375,3.2421875,3.24609375,2.190363883972168,18283200,-0.008387990120803827
1998-01-07,3.171875,3.1796875,2.9609375,2.9921875,2.0190351009368896,77368000,-0.08144796260317377
1998-01-08,2.98828125,3.12109375,2.9375,3.0234375,2.040121555328369,40539200,0.010389667538635653
1998-01-09,3.0234375,3.0390625,2.8671875,2.90234375,1.9584120512008667,33051200,-0.0408754251140817
1998-01-12,2.8671875,2.9921875,2.828125,2.94140625,1.9847701787948608,35160000,0.013369161579449392
1998-01-13,3.0078125,3.0859375,3.0,3.04296875,2.053300142288208,27872000,0.033945195785043764
1998-01-14,3.09375,3.125,3.03125,3.04296875,2.053300142288208,24870400,0.0
1998-01-15,2.9765625,2.9765625,2.875,2.875,1.939961314201355,37475200,-0.0567802925335562
1998-01-16,2.890625,2.953125,2.8125,2.875,1.939961314201355,48825600,0.0
1998-01-20,3.0234375,3.0546875,2.94921875,2.96875,2.003220319747925,43787200,0.03208801377324018
1998-01-21,3.2265625,3.4140625,3.1796875,3.3828125,2.2826168537139893,117758400,0.13056648215374728
1998-01-22,3.3671875,3.453125,3.2578125,3.3125,2.235172748565674,73201600,-0.02100401016832803
1998-01-23,3.359375,3.421875,3.3359375,3.40234375,2.2957959175109863,30686400,0.026761070903482505
1998-01-26,3.390625,3.3984375,3.22265625,3.2421875,2.187727212905884,29942400,-0.04821638579260748
1998-01-27,3.2578125,3.359375,3.2421875,3.28125,2.2140860557556152,35248000,0.01197649982342196
1998-01-28,3.3359375,3.4375,3.296875,3.37109375,2.274709463119507,25020800,0.027012633292544257
1998-01-29,3.390625,3.4921875,3.328125,3.36328125,2.269437313079834,31752000,-0.002320414663041643
1998-01-30,3.3828125,3.40625,3.234375,3.2421875,2.187727212905884,37011200,-0.036668718452924715
1998-02-02,3.3359375,3.52734375,3.3203125,3.515625,2.3722352981567383,59187200,0.08096947181414368
1998-02-03,3.5390625,3.5625,3.5,3.5,2.36169171333313,40894400,-0.0044544845039684935
1998-02-04,3.4609375,3.625,3.4453125,3.56640625,2.4064998626708984,36555200,0.0187951627723227
1998-02-05,3.609375,3.65234375,3.4921875,3.515625,2.3722352981567383,28372800,-0.01434067826835428
1998-02-06,2.890625,3.1015625,2.8828125,2.984375,2.013762950897217,242896000,-0.16382758770452344
1998-02-09,2.9296875,3.015625,2.9296875,2.98046875,2.0111284255981445,55147200,-0.0013091164103003268
1998-02-10,2.97265625,2.984375,2.890625,2.8984375,1.9557753801345825,49556800,-0.02790924162552578
1998-02-11,2.90234375,3.0234375,2.890625,2.953125,1.9926772117614746,56574400,0.018692338444443152
1998-02-12,2.93359375,3.0,2.91015625,2.9765625,2.0084924697875977,26593600,0.007905358507093218
1998-02-13,2.953125,2.96484375,2.90625,2.91015625,1.963682770729065,21105600,-0.02256275078381084
1998-02-17,2.984375,2.984375,2.9140625,2.921875,1.9715911149978638,16721600,0.004019214491517293
1998-02-18,2.9453125,2.984375,2.921875,2.96484375,2.0005834102630615,18508800,0.014597953808147551
1998-02-19,2.9921875,3.0,2.9375,2.953125,1.9926772117614746,13468800,-0.003959776022947056
1998-02-20,2.9765625,2.9765625,2.8984375,2.9140625,1.9663194417953491,22300800,-0.013315575494281319
1998-02-23,2.96875,3.2109375,2.9453125,3.2109375,2.1666407585144043,79697600,0.09701443891667458
1998-02-24,3.16796875,3.234375,3.12890625,3.13671875,2.116560697555542,41009600,-0.02338547171700112
1998-02-25,3.19140625,3.1953125,3.1484375,3.1796875,2.145554780960083,23185600,0.0136056992446219
1998-02-26,3.1796875,3.25,3.171875,3.22265625,2.1745479106903076,19755200,0.01342262770060049
1998-02-27,3.21875,3.3125,3.1484375,3.1875,2.150825023651123,23444800,-0.010969285317415287
1998-03-02,3.203125,3.21875,3.046875,3.09765625,2.0902020931243896,20929600,-0.028590743887197945
1998-03-03,3.09765625,3.1171875,3.046875,3.080078125,2.078341484069824,15209600,-0.0056905443549070955
1998-03-04,3.0703125,3.109375,3.0625,3.08203125,2.0796589851379395,11734400,0.000633718597178887
1998-03-05,3.00390625,3.0625,2.9765625,2.9765625,2.0084924697875977,20108800,-0.034819505181179766
1998-03-06,2.98046875,3.078125,2.9375,3.029296875,2.0440759658813477,19249600,0.017561411316878987
1998-03-09,3.0390625,3.09375,2.9765625,2.9765625,2.0084924697875977,14668800,-0.01756141131687894
1998-03-10,3.046875,3.046875,2.9609375,2.9921875,2.0190351009368896,16099200,0.005235298849643836
1998-03-11,3.015625,3.1171875,3.0078125,3.0859375,2.0822951793670654,22347200,0.03085101248916017
1998-03-12,3.1015625,3.109375,3.0390625,3.0625,2.0664796829223633,13132800,-0.007624213692329031
1998-03-13,3.0859375,3.0859375,3.0,3.00390625,2.0269434452056885,16169600,-0.019317556941000714
1998-03-16,3.0546875,3.08203125,3.0,3.0546875,2.061208724975586,12332800,0.01676360407878678
1998-03-17,3.0546875,3.0625,2.96875,3.0,2.0243072509765625,13542400,-0.018065026675856504
1998-03-18,2.9765625,3.04296875,2.96875,3.03515625,2.0480284690856934,11408000,0.011650064255036247
1998-03-19,3.0390625,3.046875,3.0,3.03515625,2.0480284690856934,9052800,0.0
1998-03-20,3.046875,3.0625,2.9765625,2.984375,2.013762950897217,13064000,-0.016872521279150916
1998-03-23,3.03125,3.03515625,2.97265625,3.0,2.0243072509765625,12537600,0.005222457024114765
1998-03-24,2.96875,2.984375,2.94140625,2.9765625,2.0084924697875977,21945600,-0.007843118108404554
1998-03-25,3.0,3.0625,2.9921875,3.0234375,2.040121555328369,21931200,0.015624966388279645
1998-03-26,3.01171875,3.1171875,3.0078125,3.07421875,2.074387311935425,29443200,0.01665644669883781
1998-03-27,3.0859375,3.1640625,3.078125,3.12109375,2.106017589569092,25132800,0.015132927073910998
1998-03-30,3.125,3.140625,3.0390625,3.09765625,2.0902020931243896,18193600,-0.007538009222120389
1998-03-31,3.2109375,3.34765625,3.1953125,3.34375,2.256258726119995,70302400,0.07644725404712235
1998-04-01,3.3046875,3.3828125,3.265625,3.34765625,2.2588939666748047,39075200,0.0011672875906224701
1998-04-02,3.3125,3.359375,3.2890625,3.34375,2.256258726119995,21516800,-0.0011672875906224003
1998-04-03,3.4375,3.53125,3.421875,3.484375,2.3511486053466797,47384000,0.04119596635642871
1998-04-06,3.5078125,3.5234375,3.39453125,3.41015625,2.301067352294922,23939200,-0.021530895475548564
1998-04-07,3.359375,3.40625,3.2578125,3.3359375,2.2509875297546387,21644800,-0.02200405946472081
1998-04-08,3.3515625,3.359375,3.28515625,3.29296875,2.2219929695129395,10835200,-0.012964494863290495
1998-04-09,3.28125,3.375,3.265625,3.37109375,2.274709463119507,13337600,0.023447808551736487
1998-04-13,3.3671875,3.375,3.2890625,3.34375,2.256258726119995,14697600,-0.00814432510460546
1998-04-14,3.34375,3.43359375,3.328125,3.421875,2.3089749813079834,28492800,0.02309568439646547
1998-04-15,3.42578125,3.46875,3.4140625,3.4140625,2.3037025928497314,19214400,-0.0022860434832527024
1998-04-16,3.40625,3.5625,3.390625,3.4921875,2.356419324874878,25625600,0.022625580110900573
1998-04-17,3.4921875,3.5,3.44921875,3.48046875,2.348513126373291,17156800,-0.0033608159204294116
1998-04-20,3.45703125,3.73046875,3.453125,3.6796875,2.4829390048980713,53422400,0.05566052541329796
1998-04-21,3.71484375,3.78515625,3.6953125,3.734375,2.5198397636413574,36958400,0.01475237250409666
1998-04-22,3.625,3.7109375,3.515625,3.609375,2.4354941844940186,72723200,-0.03404562719128666
1998-04-23,3.578125,3.5859375,3.5234375,3.52734375,2.3801424503326416,27304000,-0.022989347480573723
1998-04-24,3.51953125,3.5703125,3.5078125,3.54296875,2.3906848430633545,12235200,0.004419531138771762
1998-04-27,3.46875,3.4921875,3.3515625,3.41796875,2.3063385486602783,26400000,-0.035918646959297314
1998-04-28,3.4453125,3.4765625,3.3125,3.3671875,2.272073268890381,23505600,-0.01496847418241686
1998-04-29,3.375,3.53125,3.359375,3.5078125,2.366962432861328,23768000,0.04091471023214466
1998-04-30,3.53125,3.5546875,3.4921875,3.515625,2.3722352981567383,14924800,0.002225215224362277
1998-05-01,3.5078125,3.5390625,3.4609375,3.4765625,2.345876693725586,9915200,-0.011173485796091448
1998-05-04,3.4765625,3.578125,3.4765625,3.5703125,2.409135341644287,13992000,0.02660871509445107
1998-05-05,3.5546875,3.5703125,3.5078125,3.515625,2.3722352981567383,10004800,-0.015435229298359502
1998-05-06,3.5234375,3.54296875,3.4453125,3.484375,2.3511486053466797,15372800,-0.008928697446353929
1998-05-07,3.4765625,3.51953125,3.4375,3.4609375,2.3353326320648193,34908800,-0.006749641159532069
1998-05-08,3.4765625,3.53125,3.453125,3.5078125,2.366962432861328,5772800,0.01345312338152367
1998-05-11,3.53125,3.56640625,3.42578125,3.42578125,2.3116114139556885,8425600,-0.023662596066791594
1998-05-12,3.4296875,3.453125,3.3828125,3.41796875,2.3063385486602783,7073600,-0.0022836399829362403
1998-05-13,3.44921875,3.515625,3.4140625,3.50390625,2.3643274307250977,13880000,0.024832373874871357
1998-05-14,3.4921875,3.53125,3.45703125,3.4609375,2.3353326320648193,12857600,-0.012339261206667193
1998-05-15,3.515625,3.609375,3.4765625,3.578125,2.414407968521118,27409600,0.03329977361976601
1998-05-18,3.578125,3.59375,3.4765625,3.50390625,2.3643274307250977,8753600,-0.020960512413098847
1998-05-19,3.5,3.53515625,3.5,3.515625,2.3722352981567383,4124800,0.0033390773992188635
1998-05-20,3.5078125,3.5390625,3.44921875,3.44921875,2.3274264335632324,6259200,-0.019069552248837284
1998-05-21,3.4609375,3.484375,3.4609375,3.46484375,2.337968587875366,6764800,0.004519305313499252
1998-05-22,3.46875,3.484375,3.42578125,3.462890625,2.33665132522583,6780800,-0.0005635806584875481
1998-05-26,3.5,3.515625,3.34375,3.34375,2.256258726119995,14219200,-0.03501083620895718
1998-05-27,3.3359375,3.3828125,3.30078125,3.359375,2.266803026199341,23267200,0.00466246969786761
1998-05-28,3.3671875,3.375,3.3125,3.3203125,2.2404441833496094,7244800,-0.01169633797476403
1998-05-29,3.3203125,3.3359375,3.2421875,3.2578125,2.1982719898223877,9824000,-0.01900254978913725
1998-06-01,3.234375,3.25,3.11328125,3.14453125,2.1218323707580566,14417600,-0.035391551359230916
1998-06-02,3.140625,3.21875,3.1328125,3.1875,2.150825023651123,10470400,0.013571459265340253
1998-06-03,3.19140625,3.2109375,3.140625,3.140625,2.119196891784668,7507200,-0.014814308182187708
1998-06-04,3.1640625,3.203125,3.140625,3.203125,2.1613693237304688,6278400,0.019704774726726694
1998-06-05,3.2109375,3.2890625,3.1796875,3.2421875,2.187727212905884,10364800,0.01212123560402468
1998-06-08,3.2265625,3.3515625,3.2265625,3.234375,2.182455539703369,11516800,-0.00241256535843294
1998-06-09,3.2265625,3.3125,3.21875,3.3125,2.235172748565674,6494400,0.023867880247557913
1998-06-10,3.265625,3.296875,3.21875,3.2265625,2.177184820175171,6075200,-0.026285842125633844
1998-06-11,3.140625,3.15625,3.0234375,3.0703125,2.0717525482177734,28052800,-0.04963778464661669
1998-06-12,3.0625,3.078125,2.9609375,3.0625,2.0664796829223633,18510400,-0.002548367445069026
1998-06-15,2.9921875,3.03125,2.9140625,2.921875,1.9715911149978638,24219200,-0.04700563393876858
1998-06-16,2.9453125,3.06640625,2.94140625,3.0390625,2.050666093826294,12230400,0.039323774846050694
1998-06-17,3.078125,3.18359375,3.0546875,3.05859375,2.0638434886932373,15980800,0.006405351430940206
1998-06-18,3.0546875,3.09375,3.00390625,3.078125,2.0770227909088135,6176000,0.00636550220525548
1998-06-19,3.09375,3.109375,3.0390625,3.078125,2.0770227909088135,7681600,0.0
1998-06-22,3.078125,3.1875,3.0703125,3.1484375,2.1244683265686035,8808000,0.02258605398158437
1998-06-23,3.16796875,3.234375,3.1484375,3.22265625,2.1745479106903076,11196800,0.02329921397198438
1998-06-24,3.2578125,3.49609375,3.2421875,3.48046875,2.348513126373291,44129600,0.07696162994619306
1998-06-25,3.52734375,3.609375,3.46484375,3.5234375,2.3775060176849365,35635200,0.012269630804303365
1998-06-26,3.359375,3.484375,3.34375,3.3828125,2.2826168537139893,20230400,-0.04072951886189524
1998-06-29,3.390625,3.5,3.37890625,3.49609375,2.359055995941162,15329600,0.032939009625569234
1998-06-30,3.484375,3.546875,3.4609375,3.51171875,2.369598627090454,15051200,0.004459047851070531
1998-07-01,3.5234375,3.546875,3.453125,3.5078125,2.366962432861328,7776000,-0.0011131259443114246
1998-07-02,3.5078125,3.5078125,3.3828125,3.3984375,2.293161153793335,12750400,-0.03167617703156641
1998-07-06,3.4140625,3.4765625,3.41015625,3.4375,2.3195178508758545,9779200,0.011428059010872103
1998-07-07,3.4375,3.453125,3.34375,3.38671875,2.2852535247802734,7920000,-0.01488237122643687
1998-07-08,3.359375,3.4609375,3.359375,3.423828125,2.3102927207946777,9499200,0.010897265508995906
1998-07-09,3.43359375,3.5693359375,3.421875,3.55859375,2.4012277126312256,18936000,0.03860591802378208
1998-07-10,3.53515625,3.5546875,3.46875,3.53125,2.382777452468872,8278400,-0.0077133493805061635
1998-07-13,3.578125,3.640625,3.4921875,3.49609375,2.359055995941162,17758400,-0.010005266811899694
1998-07-14,3.4921875,3.5703125,3.4765625,3.5234375,2.3775060176849365,9700800,0.007790509236325907
1998-07-15,3.5390625,3.6328125,3.5234375,3.6015625,2.4302220344543457,11440000,0.021930578849735892
1998-07-16,3.6015625,3.6171875,3.5625,3.61328125,2.4381308555603027,7993600,0.003249077559532209
1998-07-17,3.6171875,3.6171875,3.5390625,3.578125,2.414407968521118,11134400,-0.009777593500592426
1998-07-20,3.5625,3.58984375,3.515625,3.5390625,2.3880488872528076,7624000,-0.010977442070925263
1998-07-21,3.53125,3.67578125,3.5234375,3.59765625,2.427586793899536,21814400,0.01642100761297963
1998-07-22,3.74609375,4.2109375,3.7421875,4.1953125,2.830867290496826,181473600,0.15368545279531412
1998-07-23,4.140625,4.1875,3.91796875,3.953125,2.6674468517303467,53073600,-0.059461348157488665
1998-07-24,4.0078125,4.03125,3.890625,3.9375,2.65690279006958,20987200,-0.003960699861569947
1998-07-27,3.875,3.9375,3.8125,3.92578125,2.6489946842193604,15926400,-0.002980876183244502
1998-07-28,3.9296875,3.9375,3.8046875,3.8125,2.572556734085083,13518400,-0.029279961026714797
1998-07-29,3.84375,3.890625,3.8203125,3.83203125,2.585735321044922,8126400,0.0051096818451231854
1998-07-30,3.875,3.90625,3.859375,3.87890625,2.6173653602600098,12563200,0.012158299749360701
1998-07-31,3.875,3.984375,3.87109375,3.896484375,2.6292271614074707,16291200,0.004521723884210884
1998-08-03,3.890625,3.8984375,3.73046875,3.80859375,2.569920778274536,12737600,-0.022814875169790822
1998-08-04,3.81640625,3.83203125,3.59375,3.6875,2.4882102012634277,18344000,-0.032311415511356315
1998-08-05,3.671875,3.6953125,3.5625,3.640625,2.4565811157226562,13873600,-0.012793064413269042
1998-08-06,3.6015625,3.734375,3.5859375,3.70703125,2.5013885498046875,13064000,0.018075404674200688
1998-08-07,3.7421875,3.875,3.671875,3.671875,2.4776670932769775,20220800,-0.009528568350157555
1998-08-10,3.671875,3.71875,3.640625,3.68359375,2.4855737686157227,4147200,0.0031860964427408707
1998-08-11,3.59375,3.6171875,3.453125,3.5390625,2.3880488872528076,25340800,-0.04002685833033837
1998-08-12,3.5859375,3.6171875,3.421875,3.4375,2.3195178508758545,21444800,-0.029117326188011498
1998-08-13,3.3671875,3.515625,3.34375,3.34375,2.256258726119995,28662400,-0.02765133055772614
1998-08-14,3.40625,3.4375,3.3515625,3.40625,2.2984321117401123,11040000,0.018519189306694116
1998-08-17,3.390625,3.46875,3.359375,3.359375,2.266803026199341,13382400,-0.013856719608826427
1998-08-18,3.41796875,3.515625,3.40625,3.5,2.36169171333313,16048000,0.041007709600946594
1998-08-19,3.515625,3.5703125,3.4765625,3.4765625,2.345876693725586,10320000,-0.006719001292122997
1998-08-20,3.46875,3.4921875,3.40625,3.46875,2.340604305267334,9905600,-0.002250042487639492
1998-08-21,3.44140625,3.4453125,3.203125,3.359375,2.266803026199341,22886400,-0.03203866582118415
1998-08-24,3.375,3.390625,3.265625,3.375,2.2773451805114746,9830400,0.004639889698002956
1998-08-25,3.390625,3.42578125,3.25390625,3.3359375,2.2509875297546387,14051200,-0.01164134797971112
1998-08-26,3.28125,3.296875,3.2109375,3.21875,2.17191219329834,9516800,-0.035761047443855665
1998-08-27,3.1640625,3.1875,3.00390625,3.06640625,2.06911563873291,33761600,-0.048486686272010145
1998-08-28,3.109375,3.125,2.8359375,2.87890625,1.9425971508026123,31979200,-0.06309547303203561
1998-08-31,2.9296875,2.984375,2.71875,2.74609375,1.8529785871505737,31833600,-0.047231423829897014
1998-09-01,2.76171875,3.0234375,2.5625,2.97265625,2.005856513977051,31872000,0.07927676709292392
1998-09-02,3.03125,3.0390625,2.89453125,2.953125,1.9926772117614746,23657600,-0.0065920914244086675
1998-09-03,2.9296875,2.9375,2.75,2.75390625,1.8582508563995361,35900800,-0.06984342164423338
1998-09-04,2.8046875,2.8671875,2.55859375,2.66015625,1.794991135597229,38899200,-0.03463556194452242
1998-09-08,2.8515625,3.1171875,2.80078125,3.0625,2.0664796829223633,35086400,0.14084643974232397
1998-09-09,2.984375,3.171875,2.98046875,3.09375,2.087566614151001,29355200,0.01015256491984116
1998-09-10,2.921875,2.9453125,2.625,2.78125,1.876702070236206,71860800,-0.10648306976397814
1998-09-11,2.7734375,2.9140625,2.75390625,2.84375,1.9188743829727173,19172800,0.022222736814097612
1998-09-14,2.875,3.0,2.86328125,2.890625,1.9505040645599365,15889600,0.01634907856340379
1998-09-15,2.90625,3.015625,2.890625,2.98046875,2.0111284255981445,8011200,0.0306081364941499
1998-09-16,3.0078125,3.0703125,2.90625,2.96875,2.003220319747925,15736000,-0.003939924795614259
1998-09-17,2.84375,3.046875,2.76953125,2.9375,1.982134461402893,29329600,-0.010581770636743851
1998-09-18,2.94140625,3.0078125,2.921875,3.00390625,2.0269434452056885,12556800,0.022354691463842807
1998-09-21,2.9296875,3.11328125,2.875,3.08984375,2.084930419921875,13676800,0.02820651661038128
1998-09-22,3.1484375,3.2265625,3.09375,3.15234375,2.1271040439605713,19870400,0.020025967893326564
1998-09-23,3.1875,3.26171875,3.140625,3.20703125,2.16400408744812,21174400,0.01719879897455893
1998-09-24,3.15625,3.21484375,2.96484375,3.01171875,2.0777664184570312,16096000,-0.040666770365081976
1998-09-25,2.890625,3.2265625,2.8671875,3.1875,2.1990368366241455,32470400,0.05672598351010714
1998-09-28,3.2265625,3.2890625,3.04296875,3.0625,2.112800121307373,15286400,-0.040005323550480074
1998-09-29,3.1015625,3.1171875,2.96875,3.03125,2.0912413597106934,16905600,-0.010256297744517499
1998-09-30,2.984375,3.0,2.921875,2.99609375,2.066986322402954,11825600,-0.011666178118823914
1998-10-01,2.921875,2.99609375,2.8359375,2.90234375,2.002310037612915,17176000,-0.03179013070753574
1998-10-02,2.921875,2.9765625,2.7890625,2.9765625,2.0535130500793457,17041600,0.025250476591213166
1998-10-05,2.890625,2.94921875,2.6484375,2.7421875,1.8918193578720093,41467200,-0.08201302017692338
1998-10-06,2.82421875,2.875,2.74609375,2.76171875,1.9052931070327759,20108800,0.007096869442938296
1998-10-07,2.78125,2.828125,2.6015625,2.6796875,1.8487002849578857,17353600,-0.03015301518673464
1998-10-08,2.578125,2.58984375,2.359375,2.4453125,1.6870059967041016,46729600,-0.09152748530267941
1998-10-09,2.4921875,2.578125,2.4375,2.55859375,1.7651585340499878,28046400,0.04528514912991559
1998-10-12,2.67578125,2.765625,2.61328125,2.62890625,1.8136664628982544,16947200,0.027109959140948194
1998-10-13,2.625,2.6875,2.5625,2.59375,1.7894126176834106,14984000,-0.013463047028814916
1998-10-14,2.62109375,2.90625,2.546875,2.84765625,1.964581847190857,40408000,0.09339200280900259
1998-10-15,2.828125,3.0078125,2.7890625,2.9921875,2.0642921924591064,27352000,0.049507981449461134
1998-10-16,3.0234375,3.0546875,2.859375,2.96875,2.048123359680176,24107200,-0.00786346413159832
1998-10-19,2.9765625,2.984375,2.921875,2.96875,2.048123359680176,10051200,0.0
1998-10-20,3.0234375,3.25,3.0,3.0859375,2.128969192504883,36667200,0.03871397581820657
1998-10-21,3.10546875,3.24609375,3.09375,3.234375,2.231375217437744,22296000,0.04698016943090915
1998-10-22,3.2265625,3.3046875,3.125,3.19921875,2.2071218490600586,19022400,-0.010928748813278745
1998-10-23,3.203125,3.4296875,3.19921875,3.390625,2.339172124862671,27371200,0.058107737958517605
1998-10-26,3.4140625,3.4375,3.3046875,3.40625,2.3499515056610107,14883200,0.004597618077769246
1998-10-27,3.4375,3.51953125,3.328125,3.35546875,2.314918041229248,18417600,-0.015020408499425686
1998-10-28,3.2421875,3.5078125,3.1171875,3.45703125,2.384986162185669,48809600,0.029819038750097893
1998-10-29,3.4375,3.49609375,3.375,3.421875,2.3607306480407715,17555200,-0.010222154555067588
1998-10-30,3.4609375,3.5,3.4140625,3.4765625,2.3984591960906982,17868800,0.015855361803914503
1998-11-02,3.5234375,3.75,3.515625,3.64453125,2.514341115951538,42923200,0.047184257945751686
1998-11-03,3.68359375,3.75,3.546875,3.6015625,2.48469614982605,34891200,-0.011860409138782675
1998-11-04,3.6640625,3.67578125,3.37890625,3.4375,2.3715105056762695,107624000,-0.04662328206399591
1998-11-05,3.5,3.59375,3.4921875,3.5390625,2.441577911376953,44193600,0.029117418988325896
1998-11-06,3.5703125,3.60546875,3.546875,3.55859375,2.455051898956299,19228800,0.005503385842402754
1998-11-09,3.5625,3.58984375,3.48828125,3.5390625,2.441577911376953,14476800,-0.005503385842402649
1998-11-10,3.546875,3.5859375,3.49609375,3.5546875,2.452357530593872,19299200,0.004405303984003915
1998-11-11,3.625,3.6328125,3.40625,3.42578125,2.3634259700775146,24054400,-0.03693757066729837
1998-11-12,3.4375,3.4765625,3.3828125,3.44921875,2.3795957565307617,12400000,0.006818374458309503
1998-11-13,3.4453125,3.46875,3.4140625,3.4296875,2.3661208152770996,7676800,-0.005678795714923006
1998-11-16,3.4375,3.45703125,3.375,3.390625,2.339172124862671,14800000,-0.011454753368679146
1998-11-17,3.39453125,3.5234375,3.32421875,3.44140625,2.3742053508758545,14784000,0.014865718417833816
1998-11-18,3.4609375,3.6015625,3.453125,3.58984375,2.476611852645874,25854400,0.042228645247073725
1998-11-19,3.60546875,3.6484375,3.453125,3.46875,2.3930695056915283,27828800,-0.03431458371631166
1998-11-20,3.53125,3.5625,3.453125,3.4609375,2.3876795768737793,14158400,-0.002254847936316358
1998-11-23,3.484375,3.55859375,3.4765625,3.5390625,2.441577911376953,13398400,0.02232250929630752
1998-11-24,3.53125,3.57421875,3.40625,3.43359375,2.3688154220581055,18131200,-0.03025450700701429
1998-11-25,3.46875,3.4765625,3.37890625,3.4375,2.3715105056762695,10084800,0.0011370880186884434
1998-11-27,3.4609375,3.4609375,3.40234375,3.43359375,2.3688154220581055,3409600,-0.0011370880186883773
1998-11-30,3.4375,3.5,3.375,3.4296875,2.3661208152770996,12921600,-0.0011381809328936524
1998-12-01,3.40625,3.421875,3.328125,3.38671875,2.336477279663086,14590400,-0.01260746832432781
1998-12-02,3.3671875,3.41015625,3.328125,3.375,2.328392267227173,13718400,-0.003466343678048861
1998-12-03,3.37890625,3.421875,3.3359375,3.3671875,2.3230016231536865,13505600,-0.0023178628230410654
1998-12-04,3.38671875,3.40234375,3.34375,3.37109375,2.325697898864746,12248000,0.0011600130318760117
1998-12-07,3.3828125,3.51953125,3.2734375,3.33203125,2.29874849319458,27315200,-0.011655324104437795
1998-12-08,3.328125,3.3359375,3.140625,3.15625,2.177478313446045,45696000,-0.054197371134057135
1998-12-09,3.203125,3.234375,3.17578125,3.203125,2.2098171710968018,20265600,0.014742313783927359
1998-12-10,3.1796875,3.25,3.10546875,3.2109375,2.2152061462402344,23188800,0.0024356833495168327
1998-12-11,3.2109375,3.265625,3.1484375,3.26171875,2.2502405643463135,16993600,0.01569166054178119
1998-12-14,3.23828125,3.2421875,3.0625,3.0703125,2.1181907653808594,18513600,-0.060474816224401394
1998-12-15,3.140625,3.265625,3.109375,3.23046875,2.228681802749634,25577600,0.05084797908468791
1998-12-16,3.24609375,3.3203125,3.20703125,3.25,2.2421562671661377,22380800,0.006027731268135171
1998-12-17,3.23828125,3.28125,3.1875,3.2734375,2.2583250999450684,9611200,0.007185410193493777
1998-12-18,3.2890625,3.2890625,3.125,3.13671875,2.164003610610962,16427200,-0.04266340283803045
1998-12-21,3.1640625,3.25,3.140625,3.21875,2.2205960750579834,19916800,0.025815632650076248
1998-12-22,3.2109375,3.24609375,3.15625,3.1796875,2.193647623062134,12780800,-0.012209922529222912
1998-12-23,3.203125,3.25,3.18359375,3.2265625,2.2259867191314697,10888000,0.014634546994287866
1998-12-24,3.203125,3.2265625,3.171875,3.19140625,2.2017316818237305,3291200,-0.010956107744232118
1998-12-28,3.2109375,3.265625,3.1875,3.2421875,2.236765146255493,12704000,0.015786512125525277
1998-12-29,3.2421875,3.25,3.20703125,3.23046875,2.228681802749634,8430400,-0.0036204001200330054
1998-12-30,3.2421875,3.2421875,3.171875,3.20703125,2.212510824203491,10958400,-0.007282300665255019
1998-12-31,3.203125,3.23828125,3.1640625,3.23828125,2.2340705394744873,13241600,0.009697285378998534
1999-01-04,3.27734375,3.51171875,3.265625,3.46484375,2.3903748989105225,38713600,0.06762493954844118
1999-01-05,3.5,3.58984375,3.3984375,3.5703125,2.46313738822937,27603200,0.02998568332022673
1999-01-06,3.66015625,3.71875,3.59375,3.71484375,2.5628480911254883,59651200,0.03968327724725447
1999-01-07,3.625,3.74609375,3.6171875,3.74609375,2.5844078063964844,32401600,0.00837721760273526
1999-01-08,3.75390625,3.84375,3.7265625,3.765625,2.597881555557251,41897600,0.005199933303509088
1999-01-11,3.7890625,3.890625,3.765625,3.875,2.6733388900756836,32193600,0.028631885205570674
1999-01-12,3.89453125,3.921875,3.734375,3.8046875,2.624830961227417,26548800,-0.01831171354287501
1999-01-13,3.6875,3.7978515625,3.5546875,3.6796875,2.5385940074920654,29102400,-0.03340611083423737
1999-01-14,3.73046875,3.9296875,3.71875,3.78515625,2.611356735229492,38238400,0.028259520788028354
1999-01-15,3.8330078125,4.05859375,3.796875,3.9921875,2.7541868686676025,50884800,0.05325234335021629
1999-01-19,3.984375,4.171875,3.90625,4.15625,2.8673717975616455,53657600,0.04027360868662746
1999-01-20,4.03515625,4.2265625,3.8125,3.875,2.6733388900756836,100614400,-0.07006764844775969
1999-01-21,3.87109375,3.90234375,3.671875,3.71875,2.565542459487915,33467200,-0.04115827034671143
1999-01-22,3.65625,3.8515625,3.6328125,3.6875,2.5439839363098145,26424000,-0.008438610329054417
1999-01-25,3.703125,3.78125,3.59375,3.6328125,2.5062553882598877,19984000,-0.014941569114750308
1999-01-26,3.8046875,3.8046875,3.609375,3.75,2.5871024131774902,21844800,0.03174872804251842
1999-01-27,3.78125,3.83203125,3.6953125,3.6953125,2.5493743419647217,13889600,-0.014690517068743345
1999-01-28,3.765625,4.046875,3.75,4.0234375,2.775745391845703,29947200,0.08507134783006697
1999-01-29,4.03125,4.171875,4.0,4.11328125,2.837728500366211,37928000,0.02208458752527125
1999-02-01,4.109375,4.1484375,3.859375,3.9609375,2.7326271533966064,24654400,-0.03774043462032574
1999-02-02,3.984375,4.04296875,3.84375,3.9140625,2.7002885341644287,18457600,-0.011904841902327944
1999-02-03,3.875,4.203125,3.8359375,4.1640625,2.8727633953094482,46507200,0.06191579022599708
1999-02-04,4.15625,4.16015625,4.03125,4.08984375,2.821559190750122,33529600,-0.017984785356064386
1999-02-05,4.0625,4.25,3.890625,4.19140625,2.89162540435791,32184000,0.024529131000735442
1999-02-08,4.1875,4.37109375,4.15625,4.359375,3.007507562637329,47929600,0.039292915779472484
1999-02-09,4.3515625,4.359375,4.203125,4.24609375,2.9293551445007324,44377600,-0.02632937185104496
1999-02-10,4.234375,4.3046875,4.03125,4.15625,2.8673717975616455,30961600,-0.02138645136727905
1999-02-11,4.1796875,4.3125,4.171875,4.2578125,2.9374396800994873,24846400,0.024142484587386534
1999-02-12,4.25,4.2734375,4.1328125,4.18359375,2.8862359523773193,21841600,-0.01758513023501688
1999-02-16,4.2421875,4.328125,4.1875,4.2109375,2.9051012992858887,16444800,0.00651504577209676
1999-02-17,4.1875,4.2890625,4.0625,4.06640625,2.8053886890411377,20990400,-0.03492616091944944
1999-02-18,4.125,4.1640625,3.9453125,3.994140625,2.7555325031280518,31611200,-0.017931389443436543
1999-02-19,4.0625,4.0703125,3.9375,4.0546875,2.79730486869812,15352000,0.015045696742468532
1999-02-22,4.12109375,4.484375,4.109375,4.4609375,3.077572822570801,56350400,0.09548483495333786
1999-02-23,4.46875,4.609375,4.390625,4.6015625,3.174590587615967,57692800,0.031037433552446956
1999-02-24,4.609375,4.72265625,4.48046875,4.546875,3.1368613243103027,65460800,-0.011955953484133383
1999-02-25,4.5,4.546875,4.46875,4.546875,3.1368613243103027,28604800,0.0
1999-02-26,4.5625,4.5625,4.4609375,4.5625,3.14764142036438,27078400,0.0034306951767632578
1999-03-01,4.546875,4.6328125,4.4453125,4.5234375,3.1206910610198975,13780800,-0.008598945728434377
1999-03-02,4.5625,4.6875,4.5078125,4.609375,3.179980754852295,22120000,0.01882067362866313
1999-03-03,4.62109375,4.6875,4.53125,4.5703125,3.1530308723449707,25624000,-0.008510972906269787
1999-03-04,4.58203125,4.6796875,4.5625,4.65234375,3.209625005722046,27012800,0.017789937736261432
1999-03-05,4.6875,4.7890625,4.6796875,4.78515625,3.30125093460083,44340800,0.02814735806377733
1999-03-08,4.8125,4.90625,4.78125,4.859375,3.352454423904419,26275200,0.01539127368760461
1999-03-09,4.875,5.015625,4.84375,4.984375,3.438689947128296,29440000,0.02539782810632907
1999-03-10,4.9453125,5.02734375,4.91796875,4.9765625,3.433300733566284,20126400,-0.0015684580836140387
1999-03-11,4.9765625,5.05078125,4.953125,5.0234375,3.465639114379883,18665600,0.009374952783178155
1999-03-12,5.0,5.0390625,4.7578125,4.828125,3.330894947052002,24486400,-0.039656043474560206
1999-03-15,4.8515625,5.12890625,4.80078125,5.12890625,3.5384018421173096,29947200,0.060434147426030045
1999-03-16,5.1328125,5.14453125,4.9765625,5.0546875,3.4871997833251953,19979200,-0.01457610837154591
1999-03-17,5.05078125,5.0546875,4.95703125,5.0078125,3.4548614025115967,8761600,-0.009316718440014261
1999-03-18,4.99609375,5.15625,4.9609375,5.12890625,3.5384018421173096,16806400,0.02389282681156015
1999-03-19,5.171875,5.36328125,5.015625,5.28515625,3.64619779586792,32552000,0.03000975670662984
1999-03-22,5.328125,5.640625,5.28515625,5.4765625,3.7782468795776367,33827200,0.03557518869093495
1999-03-23,5.5078125,5.5078125,5.015625,5.1328125,3.5410959720611572,39398400,-0.06482383771885124
1999-03-24,5.1875,5.46484375,5.08203125,5.4609375,3.7674689292907715,23873600,0.061967128590232776
1999-03-25,5.9609375,6.16015625,5.90625,6.15234375,4.24446439743042,151515200,0.11921223478232788
1999-03-26,6.1015625,7.49609375,6.1015625,6.97265625,4.810394287109375,210268800,0.12516341389958718
1999-03-29,7.265625,7.310546875,6.78125,7.18359375,4.955918312072754,60611200,0.029803427868309834
1999-03-30,7.109375,7.57421875,7.0234375,7.3125,5.044850826263428,44193600,0.017785603740324514
1999-03-31,7.5,7.859375,7.37890625,7.7734375,5.362848281860352,48187200,0.06112714507262892
1999-04-01,7.90625,8.6484375,7.90625,8.5625,5.907217502593994,81382400,0.09667967899614022
1999-04-05,8.98828125,9.703125,8.625,9.3046875,6.419250011444092,75632000,0.08312638142293559
1999-04-06,9.2734375,9.640625,8.78125,9.12109375,6.292588710784912,57796800,-0.019928744442371783
1999-04-07,9.1875,9.2421875,8.125,8.65625,5.971896171569824,84753600,-0.05230805213472301
1999-04-08,8.64453125,9.515625,8.546875,9.2734375,6.397690296173096,67347200,0.06887254035238904
1999-04-09,9.1328125,9.328125,8.9765625,9.09765625,6.276418685913086,23556800,-0.01913748913689315
1999-04-12,8.8984375,10.07421875,8.87890625,10.0546875,6.93666934967041,66414400,0.10002219365422775
1999-04-13,10.1640625,10.953125,10.0625,10.609375,7.319344520568848,92947200,0.05369903907023105
1999-04-14,10.921875,11.0625,9.80078125,9.87109375,6.810005187988281,55622400,-0.07212789561306691
1999-04-15,10.4375,10.5,8.75,9.859375,6.801924705505371,98865600,-0.0011872649205986385
1999-04-16,10.14453125,10.14453125,8.90234375,8.90625,6.144367694854736,46470400,-0.10166977683723943
1999-04-19,8.86328125,8.86328125,7.7578125,7.7890625,5.373627662658691,97537600,-0.1340326173831607
1999-04-20,7.75,8.921875,7.6875,8.7890625,6.063521385192871,49244800,0.12078749514196904
1999-04-21,10.890625,12.375,10.484375,12.19140625,8.41077995300293,196297600,0.32722349284527735
1999-04-22,12.1015625,12.40625,11.421875,12.08984375,8.34070873260498,76785600,-0.008366018137788886
1999-04-23,11.7890625,12.1953125,11.40625,11.9296875,8.230216026306152,44044800,-0.013335929704358875
1999-04-26,11.8515625,13.65625,11.8125,12.71875,8.774590492248535,72328000,0.06404783772857942
1999-04-27,12.6015625,12.7734375,12.125,12.31640625,8.497016906738281,44848000,-0.032144950963225415
1999-04-28,12.15625,12.640625,11.75,11.90234375,8.211359024047852,30510400,-0.03419670721366678
1999-04-29,11.8125,12.5546875,11.59375,12.390625,8.5482177734375,41712000,0.0402043711332402
1999-04-30,12.5625,13.0625,12.0625,12.5,8.623676300048828,41913600,0.008788665011924837
1999-05-03,13.0234375,13.765625,12.9375,13.6484375,9.415973663330078,58996800,0.0878960942603266
1999-05-04,13.40234375,13.6875,13.03125,13.1171875,9.049469947814941,32337600,-0.03970138624717058
1999-05-05,13.1484375,14.0703125,12.62109375,14.0390625,9.685465812683105,49744000,0.06792020530981714
1999-05-06,14.0625,14.34375,13.4375,13.50390625,9.316262245178223,46577600,-0.03886489040210161
1999-05-07,13.796875,14.046875,12.8125,13.515625,9.324350357055664,44038400,0.0008677946972671931
1999-05-10,13.671875,13.875,13.1328125,13.25,9.141098022460938,34020800,-0.019848784300313435
1999-05-11,13.65625,13.78125,13.0625,13.6875,9.442922592163086,28200000,0.032485016870669195
1999-05-12,13.8984375,14.734375,13.375,14.5703125,10.051969528198242,39492800,0.0625030593902342
1999-05-13,14.8125,14.96875,14.375,14.3828125,9.922616958618164,27896000,-0.012951895441612921
1999-05-14,13.90625,14.265625,13.625,14.0,9.658514976501465,23609600,-0.02697678555207371
1999-05-17,13.796875,14.0,12.796875,13.59375,9.378247261047363,37836000,-0.029447020871865393
1999-05-18,13.1640625,13.625,12.84375,12.8984375,8.898553848266602,32167200,-0.05250411181786632
1999-05-19,13.046875,13.1875,12.25,12.921875,8.914727210998535,40083200,0.001815877391964911
1999-05-20,13.09375,13.3203125,12.75,12.78125,8.817707061767578,20312800,-0.010942786069067255
1999-05-21,13.0390625,13.0625,12.375,12.5390625,8.650625228881836,14789600,-0.019130266772176885
1999-05-24,12.5625,12.734375,11.359375,11.59375,7.998457431793213,29304000,-0.07838289706562163
1999-05-25,11.375,12.078125,11.3125,11.4453125,7.896053791046143,37589600,-0.012885587511126997
1999-05-26,11.7109375,12.4140625,10.7578125,12.3515625,8.521268844604492,33976000,0.0762021406255005
1999-05-27,12.1328125,12.40625,11.53125,12.046875,8.311065673828125,30551200,-0.02497741459949478
1999-05-28,12.25,12.328125,12.0234375,12.15625,8.38652515411377,14150400,0.00903842892942233
1999-06-01,12.359375,12.3671875,11.6875,11.7421875,8.100866317749023,16706400,-0.03465526073805387
1999-06-02,11.46875,12.375,11.328125,12.359375,8.52665901184082,22845600,0.0512266009630412
1999-06-03,12.78125,13.4140625,12.625,12.7578125,8.80153751373291,42983200,0.031728813961578305
1999-06-04,12.9921875,13.765625,12.90625,13.7421875,9.480650901794434,29068800,0.07432655074425319
1999-06-07,13.625,14.0234375,13.375,13.6953125,9.448311805725098,22542400,-0.003416893786807232
1999-06-08,13.859375,13.9375,13.046875,13.109375,9.044082641601562,17099200,-0.043725388549119004
1999-06-09,13.3125,13.6953125,13.25,13.6875,9.442922592163086,14969600,0.04315483676889132
1999-06-10,13.609375,13.921875,13.5625,13.84375,9.550718307495117,18796000,0.011350838238905666
1999-06-11,13.84375,14.203125,13.4375,13.59375,9.378247261047363,16758400,-0.018223480714223483
1999-06-14,13.78125,13.8671875,12.84375,12.84375,8.860824584960938,15163200,-0.05675305782796923
1999-06-15,12.8125,14.234375,12.6484375,14.2109375,9.804041862487793,24366400,0.10115490702992402
1999-06-16,14.34375,14.84375,14.34375,14.8046875,10.213665962219238,32735200,0.040931888180012206
1999-06-17,14.625,15.0,14.390625,14.9921875,10.343023300170898,19223200,0.012585591364610616
1999-06-18,14.625,16.25,14.59375,16.21875,11.18921947479248,55141600,0.07863855272081081
1999-06-21,16.125,16.328125,15.6328125,16.3125,11.253898620605469,29219200,0.005763844809947821
1999-06-22,16.109375,17.1875,16.078125,16.328125,11.264674186706543,38646400,0.0009570381760641381
1999-06-23,16.2109375,16.875,16.1875,16.734375,11.544943809509277,20480000,0.024575924862308526
1999-06-24,16.8515625,16.875,15.8984375,15.96875,11.01674747467041,21212000,-0.0468309630389971
1999-06-25,16.109375,16.40625,15.625,15.84375,10.930508613586426,17822400,-0.00785877784286119
1999-06-28,16.1015625,16.875,15.640625,16.8125,11.598840713500977,15676000,0.0593473197985986
1999-06-29,16.8203125,17.1640625,16.59375,17.125,11.814435005187988,20174400,0.018416934740638338
1999-06-30,17.0078125,18.2421875,16.8828125,17.9375,12.374969482421875,37519200,0.04635375301731561
1999-07-01,18.0,18.375,17.4375,17.46875,12.05158805847168,26896800,-0.026479402046761906
1999-07-02,17.875,18.2109375,17.515625,18.03125,12.439653396606445,20079200,0.03169278457571999
1999-07-06,18.2734375,18.78125,17.6875,17.78125,12.26717472076416,31608800,-0.013962251811055697
1999-07-07,17.96875,18.09375,17.328125,17.4296875,12.024637222290039,46773600,-0.019969326190482715
1999-07-08,17.390625,17.875,17.296875,17.78125,12.26717472076416,22009600,0.01996932619048272
1999-07-09,19.1875,19.203125,18.4140625,18.59375,12.827713966369629,50617600,0.04468101087824709
1999-07-12,18.890625,19.0,18.28125,18.4296875,12.714529991149902,27400800,-0.008862550701609233
1999-07-13,17.875,18.171875,17.453125,18.046875,12.450430870056152,21477600,-0.020990202930823192
1999-07-14,18.3359375,18.859375,18.125,18.6953125,12.897784233093262,17785600,0.03530030138934823
1999-07-15,18.96875,19.203125,18.75,19.12109375,13.191530227661133,21162400,0.02251944248976475
1999-07-16,19.1796875,19.984375,19.0625,19.78125,13.646965026855469,37693600,0.033942180326708024
1999-07-19,20.171875,20.5546875,19.2578125,19.8359375,13.684697151184082,44417600,0.0027610577105435822
1999-07-20,20.21875,20.90625,19.5625,20.3671875,14.051197052001953,77368000,0.02642937931635776
1999-07-21,20.5,20.5,19.5,19.578125,13.5068359375,100947200,-0.03951166855597861
1999-07-22,19.46875,19.5625,18.34375,18.8125,12.9786376953125,56054400,-0.03989117139355263
1999-07-23,18.9140625,19.5625,18.875,19.3359375,13.33974552154541,38781600,0.027443212327898488
1999-07-26,18.96875,19.34375,18.59375,19.078125,13.161880493164062,28670400,-0.013423153653562805
1999-07-27,19.3984375,19.46875,19.0625,19.296875,13.312795639038086,31259200,0.011400840544294546
1999-07-28,19.171875,19.9921875,19.1328125,19.96875,13.776318550109863,24476000,0.03422542012387222
1999-07-29,19.609375,19.78125,19.34375,19.546875,13.485271453857422,24801600,-0.021352984525242556
1999-07-30,19.578125,19.75,18.9375,19.5,13.452934265136719,19856000,-0.0024008432180514083
1999-08-02,19.40625,19.59375,18.765625,19.0625,13.151107788085938,19630400,-0.02269124571533671
1999-08-03,19.1796875,19.1875,17.125,17.5,12.07314682006836,71893600,-0.08552228221314698
1999-08-04,17.734375,18.15625,17.671875,17.8046875,12.283347129821777,57937600,0.017260737851839993
1999-08-05,17.953125,18.09375,16.984375,17.8984375,12.348021507263184,46039200,0.005251395244996118
1999-08-06,17.75,18.626953125,17.6875,18.46875,12.741482734680176,28088000,0.03136717917045522
1999-08-09,18.59375,18.7421875,18.234375,18.4296875,12.714529991149902,17400000,-0.002117594290383675
1999-08-10,18.2421875,18.484375,17.625,18.453125,12.730700492858887,48811200,0.0012710047091958189
1999-08-11,18.484375,18.75,18.0390625,18.71875,12.913952827453613,22624800,0.014291903386835059
1999-08-12,18.6875,19.234375,18.59375,18.875,13.021749496459961,29253600,0.008312656306028102
1999-08-13,19.1328125,20.0,19.09375,20.0,13.797879219055176,24576000,0.057893902893208046
1999-08-16,20.046875,20.4296875,19.75,20.21875,13.948799133300781,20960800,0.010878520353012018
1999-08-17,20.4765625,21.7109375,20.46875,21.6328125,14.924354553222656,39671200,0.06760099140068423
1999-08-18,21.234375,21.796875,20.796875,20.8125,14.358420372009277,29160800,-0.03865785670809222
1999-08-19,20.3125,21.09375,20.25,20.59375,14.207505226135254,21305600,-0.010566193587722997
1999-08-20,20.671875,21.8828125,20.59375,21.8671875,15.086042404174805,29739200,0.05999961022457063
1999-08-23,22.046875,23.0,21.96875,22.9296875,15.819061279296875,26557600,0.0474456507300568
1999-08-24,22.71875,22.84375,22.25,22.375,15.436380386352539,29850400,-0.02448853680942305
1999-08-25,22.75,23.828125,22.4609375,23.75,16.384986877441406,26909600,0.0596383950842389
1999-08-26,23.65625,24.828125,23.2734375,23.84375,16.449661254882812,34950400,0.003939403329089311
1999-08-27,24.125,24.484375,22.921875,22.96875,15.846009254455566,31424000,-0.03738719802342427
1999-08-30,23.4921875,23.5078125,22.5,22.875,15.781319618225098,23143200,-0.004090748649800101
1999-08-31,23.078125,24.234375,22.75,24.0234375,16.573623657226562,31839200,0.04898555743495197
1999-09-01,23.4375,23.59375,20.640625,21.0859375,14.547061920166016,194933600,-0.13042345201132222
1999-09-02,20.1953125,21.609375,19.65625,20.90625,14.423090934753418,121016800,-0.008558583916726092
1999-09-03,21.6015625,21.625,20.03125,20.421875,14.088930130004883,62366400,-0.02344106755352356
1999-09-07,20.4375,21.125,20.21875,20.7265625,14.299127578735352,42132000,0.014809135053552958
1999-09-08,20.6328125,21.484375,20.375,20.984375,14.47698974609375,35501600,0.01236194795749051
1999-09-09,21.34375,21.4296875,20.283203125,20.765625,14.326081275939941,34472800,-0.0104787333890057
1999-09-10,21.03125,21.0625,20.5,20.7109375,14.288346290588379,24034400,-0.002637481189410873
1999-09-13,19.9375,20.0,19.03515625,19.171875,13.226561546325684,77348000,-0.07721721419324251
1999-09-14,19.7734375,21.7109375,19.7734375,21.3125,14.703359603881836,120692000,0.1058489660435817
1999-09-15,21.78125,22.28125,20.921875,21.734375,14.994415283203125,61736000,0.019601805168714598
1999-09-16,21.6875,22.703125,21.5,22.484375,15.511834144592285,53188800,0.03392540848918674
1999-09-17,22.625,23.7578125,22.53125,23.7421875,16.379594802856445,52569600,0.05443311499656205
1999-09-20,23.46875,23.765625,23.046875,23.5,16.21251106262207,21517600,-0.010253108814870437
1999-09-21,23.1328125,23.34375,22.75,22.7890625,15.7220458984375,25990400,-0.03071930724991537
1999-09-22,22.96875,23.796875,22.5703125,23.765625,16.395763397216797,30475200,0.04195904727554161
1999-09-23,23.8984375,24.875,22.859375,23.328125,16.09393310546875,52252000,-0.018580596792884117
1999-09-24,23.34375,24.125,22.96875,23.6875,16.34187126159668,40697600,0.015288227941991446
1999-09-27,24.203125,24.6796875,24.046875,24.1640625,16.6706485748291,27277600,0.01991899954579754
1999-09-28,23.328125,24.5625,23.21875,24.203125,16.697586059570312,38868000,0.0016145589293573507
1999-09-29,24.140625,24.3125,23.140625,23.46875,16.190946578979492,25724000,-0.030811928771319292
1999-09-30,23.46875,24.265625,22.6640625,23.6484375,16.314922332763672,35874400,0.007627936681339576
1999-10-01,23.421875,23.5546875,22.84375,23.3515625,16.11009979248047,21776800,-0.012633777940708857
1999-10-04,23.625,23.75,23.046875,23.73046875,16.371503829956055,18584800,0.01609586054504481
1999-10-05,23.8359375,24.5625,23.8359375,24.34375,16.79460334777832,35221600,0.025515353347146358
1999-10-06,24.59375,26.0625,24.34375,25.5390625,17.619251251220703,53060000,0.047934519844654536
1999-10-07,26.03125,26.0625,24.6875,25.0703125,17.295860290527344,34461600,-0.018524942045251378
1999-10-08,25.15625,26.8125,25.15625,26.7421875,18.449277877807617,42052000,0.06455804700182426
1999-10-11,26.640625,28.0859375,26.625,27.8125,19.187673568725586,40125600,0.03924284092722019
1999-10-12,27.78125,27.8125,26.4296875,26.5078125,18.287578582763672,37512800,-0.048046007821305727
1999-10-13,26.5625,27.15625,25.203125,25.54296875,17.621936798095703,58283200,-0.03707752850827786
1999-10-14,24.9453125,25.57421875,24.0,25.50390625,17.594995498657227,71625600,-0.0015300199612600749
1999-10-15,24.390625,25.40625,23.890625,24.8125,17.11799430847168,46405600,-0.027484305971287957
1999-10-18,24.4375,24.546875,23.625,24.4609375,16.87544822692871,35796800,-0.014270410969820445
1999-10-19,25.109375,25.7109375,24.375,24.75,17.07487678527832,41896800,0.01174839134008411
1999-10-20,25.1796875,25.296875,24.56640625,25.2890625,17.44676971435547,27703200,0.021546325514685875
1999-10-21,24.875,27.109375,24.7109375,26.9609375,18.600191116333008,35216000,0.06401734088164823
1999-10-22,27.53125,28.21875,26.3828125,26.96875,18.60558319091797,39022400,0.0002898514933828024
1999-10-25,27.03125,27.4609375,26.265625,26.390625,18.20673179626465,23416800,-0.021670302621370662
1999-10-26,26.984375,27.15625,25.921875,25.96875,17.91568946838379,18317600,-0.016114569057324335
1999-10-27,26.3515625,26.3515625,25.4375,26.015625,17.94801902770996,20225600,0.001802912718128256
1999-10-28,26.640625,27.25,26.0625,27.25,18.799612045288086,28864000,0.04635648546319855
1999-10-29,27.625,28.296875,27.171875,27.84375,19.209239959716797,35095200,0.02155517743897069
1999-11-01,27.6953125,28.6953125,27.5,28.1484375,19.419429779052734,32648000,0.010882688697419627
1999-11-02,28.6875,28.6875,27.40625,28.1015625,19.38709831237793,39400000,-0.001666290479755714
1999-11-03,31.109375,32.59375,30.125,32.5625,22.46467399597168,113090400,0.14733622138455477
1999-11-04,33.5859375,33.6328125,32.203125,32.9921875,22.76111602783203,53275200,0.013109611895498488
1999-11-05,34.09375,37.359375,33.8828125,36.796875,25.385948181152344,92534400,0.10914215705596131
1999-11-08,36.8125,36.984375,35.75,36.171875,24.95476531982422,47781600,-0.017131000983818184
1999-11-09,37.625,38.25,36.28125,37.4765625,25.8548526763916,48782400,0.03543350901873992
1999-11-10,37.8125,41.03125,37.2734375,39.9453125,27.558032989501953,76672800,0.06379576390284865
1999-11-11,40.7578125,43.25,40.25,43.1875,29.7947998046875,72888000,0.0780398034210294
1999-11-12,44.328125,49.4375,43.75,47.25,32.597496032714844,145692000,0.08990160152478782
1999-11-15,48.78125,50.765625,43.75,46.0,31.73512840270996,131190400,-0.02681125776865744
1999-11-16,45.873046875,46.6875,44.375,45.6875,31.519535064697266,71872000,-0.006816704446232502
1999-11-17,45.5625,46.0625,41.0,42.859375,29.568429946899414,115020800,-0.06390027808880348
1999-11-18,42.96875,45.375,41.25,44.4765625,30.68410301208496,60215200,0.03703746697700562
1999-11-19,44.5859375,46.125,43.625,45.8828125,31.654279708862305,41789600,0.031128656034471763
1999-11-22,45.6875,45.75,44.5859375,45.0,31.045236587524414,27664800,-0.01942797373706735
1999-11-23,45.0625,45.7421875,43.09375,45.03125,31.06679344177246,38456000,0.0006941281778557708
1999-11-24,44.96875,47.015625,44.25,46.9140625,32.36573028564453,34574400,0.04096064203918848
1999-11-26,47.6484375,48.796875,47.375,48.09375,33.17958450317383,18361600,0.024834606377520958
1999-11-29,47.8125,48.71875,46.25,46.40625,32.01539993286133,30764800,-0.035717727236557376
1999-11-30,46.375,47.25,44.90625,45.2890625,31.244657516479492,33812800,-0.024368632844492526
1999-12-01,45.4375,46.03125,44.375,45.515625,31.40094566345215,25880800,0.004989607036642678
1999-12-02,46.0625,46.84375,45.3125,46.75,32.2525520324707,26660000,0.026759163769576193
1999-12-03,47.625,49.0625,47.3828125,48.0546875,33.15263748168945,31661600,0.027525102608157635
1999-12-06,48.4296875,50.171875,48.125,49.34375,34.04195785522461,39209600,0.02647154285322576
1999-12-07,49.96875,50.9375,49.4375,49.859375,34.397682189941406,32708000,0.010395365547842006
1999-12-08,49.515625,50.875,48.59375,48.65625,33.567649841308594,30504000,-0.024426383074701775
1999-12-09,50.0,50.1171875,47.4375,49.375,34.063507080078125,24025600,0.01466383680481692
1999-12-10,49.5,50.109375,47.9921875,48.9375,33.761680603027344,26709600,-0.008900188255988817
1999-12-13,49.125,52.4375,48.75,52.1953125,36.00922393798828,47453600,0.06444867675282959
1999-12-14,52.5,54.703125,51.75,52.65625,36.32722091674805,47085600,0.0087922216224484
1999-12-15,51.767578125,53.140625,50.625,52.8984375,36.494319915771484,38286400,0.004589281973239124
1999-12-16,53.9375,55.0,53.0,54.90625,37.879493713378906,27794400,0.03725327295685266
1999-12-17,56.625,57.0,55.25,56.875,39.23772048950195,40534400,0.03522863881935787
1999-12-20,56.984375,59.9375,56.453125,58.3515625,40.256385803222656,45477600,0.02563010326783632
1999-12-21,59.9453125,62.609375,59.875,62.109375,42.84889221191406,50101600,0.062411147235494825
1999-12-22,64.9375,65.265625,60.625,60.6796875,41.862548828125,56937600,-0.02328818749955136
1999-12-23,59.84375,59.875,58.0546875,58.3125,40.22945785522461,43408800,-0.039792094773330754
1999-12-27,59.78125,65.015625,57.28125,64.1796875,44.27717590332031,50074400,0.09586981791279366
1999-12-28,65.970703125,66.0625,58.75,62.875,43.3770866394043,39803200,-0.020537983581808524
1999-12-29,70.359375,82.7578125,70.0,82.375,56.830020904541016,118083200,0.27013337908212276
1999-12-30,92.0,92.515625,79.8671875,80.875,55.795196533203125,129003200,-0.018376941104868948
1999-12-31,85.5,90.5625,83.625,88.0625,60.75379943847656,72674200,0.08514184041461725
2000-01-03,99.625,100.0,87.0,89.65625,61.85330581665039,91334000,0.01793592388336586
2000-01-04,86.28125,87.65625,80.0,81.03125,55.90299987792969,63567400,-0.10114750254510951
2000-01-05,79.9375,81.625,69.5,78.21875,53.96263122558594,93778400,-0.035326251129550755
2000-01-06,74.25,78.0,69.875,70.03125,48.31414794921875,58782600,-0.11056735670117433
2000-01-07,67.0,75.25,66.4609375,75.0,51.7420539855957,68198600,0.06854643821434195
2000-01-10,81.0,81.5,76.25,79.6875,54.97593307495117,35360800,0.06062463482677778
2000-01-11,78.0,78.9375,70.75,72.21875,49.82328796386719,30575800,-0.09841300448837367
2000-01-12,72.5,73.75,68.03125,69.125,47.68893051147461,34455600,-0.04378319830825343
2000-01-13,72.1875,72.8125,68.8125,71.5625,49.37055587768555,25146800,0.03465490541567324
2000-01-14,73.8125,74.46875,69.75,70.21875,48.443485260009766,26209200,-0.018956345491717062
2000-01-18,68.71875,70.625,67.5,69.53125,47.96918869018555,28503000,-0.009838963625490195
2000-01-19,68.5625,73.5,68.5,73.3125,50.577877044677734,30728400,0.05295536561975584
2000-01-20,74.625,78.0,73.5625,77.8125,53.68238067626953,39224000,0.059570572956549515
2000-01-21,79.125,80.21875,75.5,77.46875,53.44524383544922,34955000,-0.004427191011187848
2000-01-24,77.875,78.5,69.8125,70.03125,48.31414794921875,32170600,-0.10093321410807594
2000-01-25,71.8125,74.96875,70.0,74.5,51.39710998535156,39671400,0.06185750894480511
2000-01-26,64.5,65.4375,60.0,62.3125,42.98902130126953,136953200,-0.17863718039535867
2000-01-27,63.34375,64.0,58.6875,60.0,41.393638610839844,62571000,-0.03781755223723593
2000-01-28,60.53125,60.6875,52.8125,55.28125,38.13819122314453,85675000,-0.0819110379026457
2000-01-31,56.3125,63.75,56.09375,63.5,43.80828094482422,80518000,0.13860668780030913
2000-02-01,65.75,70.0,65.4609375,68.03125,46.934349060058594,69648400,0.06892693454678081
2000-02-02,68.4375,72.75,68.0,71.03125,49.004024505615234,57368200,0.04315263077926618
2000-02-03,72.5625,74.0,66.0,69.59375,48.01231002807617,52571000,-0.02044499055939582
2000-02-04,70.9375,70.9375,67.5,68.71875,47.408660888671875,30028800,-0.012652505765968531
2000-02-07,67.21875,67.625,65.125,66.71875,46.02886962890625,20868400,-0.029536130921630238
2000-02-08,66.75,69.8125,66.71875,69.53125,47.96918869018555,21450800,0.04129010225403202
2000-02-09,69.75,70.0,66.5,66.65625,45.985740661621094,20141200,-0.042227539695921336
2000-02-10,67.28125,68.5625,66.5,68.46875,47.236167907714844,15072200,0.02682850557168961
2000-02-11,67.5390625,68.25,65.75,66.0,45.53301239013672,12419400,-0.036722258477508846
2000-02-14,64.6875,65.0,62.5,63.5625,43.851383209228516,23353600,-0.03763134748006895
2000-02-15,62.1796875,63.84375,60.03125,63.3125,43.67890930175781,30036000,-0.003940901503764689
2000-02-16,62.6875,65.75,60.5,60.9375,42.040428161621094,30052000,-0.03823363034548009
2000-02-17,62.5625,65.5,61.0,65.0,44.843101501464844,34971600,0.06453803341649651
2000-02-18,66.0078125,69.375,65.875,67.25,46.395362854003906,42991600,0.034029751748677534
2000-02-22,66.25,67.875,63.125,65.28125,45.037147521972656,24472000,-0.02971186602626109
2000-02-23,66.6875,73.75,65.375,73.4375,50.664100646972656,52349200,0.11772993604964978
2000-02-24,68.4375,71.125,67.5,69.84375,48.184791564941406,51715400,-0.05017414220121352
2000-02-25,68.125,71.0,66.6875,66.78125,46.07197189331055,23405600,-0.04483866342483203
2000-02-28,68.75,73.75,68.75,71.625,49.41366195678711,36400800,0.07002216364443442
2000-02-29,73.0,74.0,69.125,71.21875,49.13338851928711,31323400,-0.005688129514350712
2000-03-01,70.25,70.65625,68.265625,69.5,47.9476318359375,20865400,-0.024429402361688324
2000-03-02,69.4375,69.5625,66.0,66.09375,45.59767150878906,20560800,-0.050252760099657234
2000-03-03,65.5,67.5,63.0,65.9375,45.489871978759766,33932600,-0.002366944507011967
2000-03-06,64.75,69.0,64.0,66.625,45.96421432495117,23576200,0.010373436966001312
2000-03-07,67.25,67.375,63.75,64.0,44.15321350097656,21447000,-0.04019743389151894
2000-03-08,65.3125,65.8125,62.4921875,64.5625,44.54127502441406,22876000,0.008750577541545186
2000-03-09,63.59375,64.625,62.375,63.5,43.80828094482422,17427800,-0.016593425742301167
2000-03-10,62.59375,72.75,61.0,68.0625,46.955902099609375,83012800,0.06938604589568356
2000-03-13,64.1875,68.0,63.5625,65.09375,44.90779113769531,35140400,-0.044597606382533406
2000-03-14,66.0625,67.0,62.5,62.5625,43.16148376464844,24239800,-0.039662783658062
2000-03-15,63.0,66.5,62.75,64.0,44.15321350097656,31392000,0.022717192345667644
2000-03-16,65.21875,67.0,63.25,66.4375,45.83483123779297,23705600,0.03737859907605028
2000-03-17,66.375,68.75,66.3125,68.125,46.9990348815918,31121600,0.025082757608674434
2000-03-20,67.15625,67.96875,64.0,64.8125,44.713748931884766,18187800,-0.04984603037045652
2000-03-21,63.875,67.5,62.875,67.3125,46.438507080078125,18525200,0.03784797233326564
2000-03-22,66.84375,67.875,65.25,67.4375,46.524723052978516,19331800,0.001854840833205846
2000-03-23,66.28125,72.3125,66.125,72.0625,49.715476989746094,42424400,0.06633244300846572
2000-03-24,71.75,76.2109375,71.1875,73.0,50.36226272583008,50165800,0.01292584631059651
2000-03-27,73.84375,78.0,73.25,74.46875,51.375553131103516,37870000,0.019920300120516286
2000-03-28,74.875,78.5,73.5,77.40625,53.40211486816406,41268000,0.03868791015405518
2000-03-29,79.125,81.28125,76.09375,78.75,54.329158782958984,50245600,0.017210727516771995
2000-03-30,75.9375,78.625,69.625,72.6171875,50.09815979003906,41385600,-0.08107680029294216
2000-03-31,74.90625,76.75,72.5,74.65625,51.504905700683594,34407000,0.027692782778562422
2000-04-03,74.34375,76.0,69.03125,70.375,48.55128860473633,26965400,-0.05905632326480843
2000-04-04,70.9375,73.75,62.0,73.3125,50.577877044677734,42759000,0.04089353194012691
2000-04-05,70.375,72.5,68.5625,70.625,48.7237663269043,23548800,-0.03734734215821309
2000-04-06,70.6875,71.5,68.5,69.5625,47.99076461791992,16193600,-0.015158337371582209
2000-04-07,70.9375,76.375,70.0,76.125,52.5181884765625,31462600,0.09015096816866117
2000-04-10,75.6875,75.90625,70.125,70.59375,48.70219802856445,20188800,-0.0754353936444345
2000-04-11,67.75,73.75,66.96875,68.71875,47.408660888671875,22864800,-0.026919231946589024
2000-04-12,68.96875,70.5,62.5,62.5625,43.16148376464844,31838800,-0.09385641314559448
2000-04-13,64.0,67.8125,61.5,63.25,43.635807037353516,30230600,0.01092955759361882
2000-04-14,61.5,65.375,51.5,52.59375,36.284122467041016,66002600,-0.18449782764583833
2000-04-17,49.21875,58.71875,49.0625,58.4375,40.315696716308594,64758800,0.10536064181869553
2000-04-18,57.7578125,60.625,53.5,56.09375,38.69874572753906,44492400,-0.04093370043168393
2000-04-19,59.625,62.9375,56.5,57.375,39.58266830444336,59833800,0.022584164006248485
2000-04-20,57.96875,59.25,53.25,54.75,37.771690368652344,38979800,-0.04683146338605609
2000-04-24,51.5,52.0,46.125,49.8125,34.3653450012207,64246400,-0.09451124614674698
2000-04-25,52.25,54.15625,50.75,52.46875,36.197879791259766,47791400,0.051951903971408475
2000-04-26,52.46875,52.625,48.5,48.625,33.54610061645508,31038600,-0.07607991718844531
2000-04-27,47.4375,52.0,47.25,51.75,35.702003479003906,41750800,0.062286176445171204
2000-04-28,52.9375,55.0,52.25,54.21875,37.40519332885742,31301200,0.046602746769831775
2000-05-01,54.8125,55.96875,53.625,54.875,37.857933044433594,22545000,0.012030995744086061
2000-05-02,55.40625,60.0,55.0625,56.84375,39.21616744995117,52975000,0.03524854713133158
2000-05-03,55.8125,57.0,54.0625,55.46875,38.26757049560547,32021800,-0.024486282554669687
2000-05-04,55.4296875,56.125,52.84375,53.34375,36.801536560058594,20103200,-0.03906321550895134
2000-05-05,52.65625,55.6875,52.5,54.875,37.857933044433594,15971000,0.028300950932289407
2000-05-08,53.25,53.859375,51.40625,51.5,35.529537200927734,16030200,-0.0634761652228497
2000-05-09,52.25,53.9375,51.0,52.5,36.21944046020508,23062400,0.019231619608481732
2000-05-10,51.125,52.0,48.5,48.65625,33.567649841308594,34484800,-0.07603320313527606
2000-05-11,50.375,50.625,47.5,49.65625,34.257545471191406,32332200,0.020344045337446704
2000-05-12,50.875,51.25,48.75,49.0,33.80480194091797,17078000,-0.013303984516687305
2000-05-15,49.15625,52.25,48.3125,52.15625,35.98229217529297,21605400,0.06242407176582087
2000-05-16,52.6796875,54.5,52.5,54.34375,37.491424560546875,23164200,0.04108529501821895
2000-05-17,52.25,53.125,51.21875,51.578125,35.58344268798828,18169600,-0.05223179180542372
2000-05-18,51.5625,51.59375,48.0,48.46875,33.43830490112305,27271200,-0.06217834045884459
2000-05-19,47.5,48.3125,44.515625,44.59375,30.764965057373047,50833400,-0.08332555177553003
2000-05-22,45.0,45.0625,38.875,44.21875,30.50624656677246,51737000,-0.008445076288722523
2000-05-23,43.375,43.6875,39.625,39.6875,27.380168914794922,37273800,-0.10811247899360683
2000-05-24,38.15625,39.25,34.890625,38.375,26.474681854248047,82046200,-0.03363011453937654
2000-05-25,39.78125,41.125,34.3125,34.5,23.80134391784668,60416400,-0.10644682835891983
2000-05-26,34.90625,35.0,31.1875,33.03125,22.788066864013672,76242600,-0.043505030429308894
2000-05-30,31.6640625,38.3125,30.0,38.1875,26.345321655273438,114359800,0.14505369714440353
2000-05-31,35.375,36.0,33.0,33.1875,22.895854949951172,109686200,-0.14033482531054964
2000-06-01,35.625,36.0,34.125,34.5,23.80134391784668,64625400,0.03878615859545508
2000-06-02,37.09375,37.375,34.15625,36.34375,25.073347091674805,75612600,0.0520633668783629
2000-06-05,32.53125,34.9375,32.4375,33.625,23.197681427001953,59490200,-0.07775307791121294
2000-06-06,33.875,36.4375,33.8125,34.4375,23.758228302001953,47774000,0.0238765901133863
2000-06-07,35.8125,37.40625,35.25,37.34375,25.763240814208984,45259200,0.08101977602782484
2000-06-08,39.0625,40.0,37.75,38.71875,26.711822509765625,43289400,0.03615755670329194
2000-06-09,40.25,40.5,39.25,39.53125,27.272367477416992,29512400,0.02076775124480997
2000-06-12,41.625,42.15625,40.0,40.84375,28.177860260009766,30566000,0.03266256315501713
2000-06-13,40.46875,41.40625,38.40625,40.6875,28.070064544677734,38326000,-0.0038328826414525353
2000-06-14,40.84375,41.0,34.5,35.25,24.318769454956055,83876600,-0.1434552320410635
2000-06-15,31.4375,31.84375,29.9921875,30.71875,21.192678451538086,122278000,-0.13759269177929487
2000-06-16,32.1875,33.75,31.875,32.875,22.68026351928711,55383200,0.0678393318389329
2000-06-19,32.90625,33.125,31.625,32.59375,22.486236572265625,26381800,-0.00859168366677836
2000-06-20,32.71875,32.84375,31.25,31.46875,21.710102081298828,28998800,-0.03512572822183291
2000-06-21,31.125,33.75,30.9375,32.25,22.249082565307617,38151600,0.024523088822636364
2000-06-22,32.625,36.9375,32.1875,34.125,23.542634963989258,84558800,0.05651225642407068
2000-06-23,35.78125,37.375,32.75,33.1875,22.895854949951172,58846800,-0.027857143542152775
2000-06-26,34.09375,34.1796875,31.453125,32.375,22.33531379699707,34292400,-0.024786883355458287
2000-06-27,32.1875,33.75,31.4375,31.84375,21.968814849853516,29835800,-0.01654506334846707
2000-06-28,30.0625,33.0,28.75,31.78125,21.925691604614258,77099400,-0.001964859049398831
2000-06-29,30.9375,31.609375,30.5,30.75,21.214242935180664,23910000,-0.03298628920891866
2000-06-30,31.0,31.0625,29.0,30.0,20.696819305419922,37016200,-0.024692760940019706
2000-07-03,29.96875,30.9375,29.75,30.125,20.783052444458008,8696800,0.004157836542427314
2000-07-05,30.5,31.5,29.125,29.21875,20.157848358154297,20386800,-0.03054415902319961
2000-07-06,29.6875,31.3125,28.78125,30.84375,21.278913497924805,24744200,0.05412289650047783
2000-07-07,28.6875,29.6328125,28.03125,28.3125,19.532623291015625,56752800,-0.08563054877675609
2000-07-10,27.96875,28.75,27.0,27.4375,18.928966522216797,35357000,-0.03139268793990799
2000-07-11,26.78125,27.9375,25.75,26.5,18.282196044921875,36054000,-0.03476567646597446
2000-07-12,27.65625,30.75,26.96875,30.5,21.041767120361328,48357000,0.14058168039400812
2000-07-13,30.8125,31.5,29.6875,31.0,21.38671112060547,32298800,0.016260380516923065
2000-07-14,31.71875,32.4375,30.5,31.53125,21.75322723388672,22639000,0.01699237162727066
2000-07-17,32.4375,35.46875,32.3125,34.90625,24.08160972595215,50497000,0.10168634219352511
2000-07-18,34.21875,34.4375,32.5,32.5625,22.46467399597168,27709600,-0.069504436515473
2000-07-19,32.34375,32.46875,31.0625,31.5,21.731660842895508,25049400,-0.03317380855343003
2000-07-20,29.6875,31.84375,28.53125,31.53125,21.75322723388672,48041800,0.0009919028753778212
2000-07-21,30.65625,32.5,30.625,31.40625,21.666975021362305,19396600,-0.003972912215745971
2000-07-24,31.375,32.46875,31.0625,31.8125,21.94725227355957,22134400,0.012852737644907625
2000-07-25,32.90625,34.75,32.84375,34.1875,23.58574676513672,47747400,0.07200062842377002
2000-07-26,33.75,35.25,33.03125,34.34375,23.693540573120117,32742000,0.004559882385180811
2000-07-27,33.03125,33.5625,31.78125,32.78125,22.61558723449707,26503600,-0.04656309214977854
2000-07-28,32.1875,33.125,30.5,31.21875,21.537630081176758,17759200,-0.048837727596872875
2000-07-31,32.5,33.1875,31.8125,32.46875,22.399995803833008,23021400,0.039259129943445915
2000-08-01,32.46875,32.5,31.40625,31.46875,21.710102081298828,11945000,-0.031283085612466795
2000-08-02,31.625,32.3125,30.75,30.96875,21.365161895751953,10719800,-0.016016039236997993
2000-08-03,30.0,32.25,29.1875,32.125,22.162843704223633,32228200,0.03665553296624903
2000-08-04,33.25,33.9375,31.5625,32.0,22.07660675048828,22564600,-0.0038986498285404616
2000-08-07,31.59375,32.90625,31.15625,31.78125,21.925691604614258,14546800,-0.0068594479494808345
2000-08-08,31.5,31.875,30.25,30.53125,21.063323974609375,16626600,-0.04012575406722933
2000-08-09,31.3125,31.5546875,30.625,30.71875,21.192678451538086,14096200,0.006122438165677976
2000-08-10,31.1875,31.8125,30.625,30.71875,21.192678451538086,11360400,0.0
2000-08-11,30.59375,31.1875,29.4375,30.8125,21.257360458374023,15463800,0.003047443939037283
2000-08-14,30.84375,31.5,30.5,31.3125,21.60230827331543,11490400,0.016096963577516818
2000-08-15,31.1875,31.1875,30.5,30.6875,21.171125411987305,9656000,-0.020161929053562018
2000-08-16,31.0625,31.46875,30.03125,30.25,20.869293212890625,10482000,-0.014359390093438201
2000-08-17,30.125,31.1875,30.03125,30.28125,20.890853881835938,11370000,0.0010325955419729722
2000-08-18,30.46875,30.6875,29.84375,29.875,20.61058235168457,13836400,-0.013506799594799397
2000-08-21,29.375,30.0,28.65625,29.5,20.351871490478516,15207200,-0.01263177749188235
2000-08-22,29.03125,29.375,28.25,28.3125,19.532623291015625,22435200,-0.04108681582928273
2000-08-23,27.71875,28.375,27.40625,28.21875,19.46794891357422,28425200,-0.003316589120061901
2000-08-24,28.53125,30.375,28.4375,30.3125,20.91240882873535,27267000,0.07157323880461618
2000-08-25,30.15625,30.65625,29.125,29.4375,20.308752059936523,15588800,-0.02929077755661794
2000-08-28,29.25,30.53125,29.234375,29.6875,20.481233596801758,18180800,0.008457103483331962
2000-08-29,29.75,30.53125,29.3125,30.125,20.783052444458008,15618600,0.014628835688209755
2000-08-30,30.0625,30.1875,29.0,29.15625,20.114728927612305,19122000,-0.03268553908502509
2000-08-31,29.375,31.03125,29.0,29.9375,20.653696060180664,38055400,0.026441960176810653
2000-09-01,30.40625,31.0,29.25,29.625,20.43810272216797,20437600,-0.01049335014058076
2000-09-05,30.53125,30.8125,29.6875,29.6875,20.481233596801758,19835400,0.0021080933605856595
2000-09-06,30.0625,31.96875,29.9375,30.90625,21.322031021118164,57655800,0.04023182583891296
2000-09-07,31.1875,32.3125,30.3125,32.0625,22.119731903076172,39563800,0.036729198051539555
2000-09-08,31.84375,32.5,30.71875,30.78125,21.235795974731445,32579600,-0.04078180931008305
2000-09-11,30.2734375,30.5625,29.0,29.0625,20.0500431060791,29739400,-0.057456943477105345
2000-09-12,30.53125,31.8125,30.25,30.71875,21.192678451538086,44940200,0.055424462289905344
2000-09-13,30.75,32.1875,30.71875,32.0,22.07660675048828,24549400,0.040862763851032276
2000-09-14,32.5,32.5625,31.0,31.3125,21.60230827331543,20935800,-0.021718356334478175
2000-09-15,31.3125,33.3125,30.8125,33.125,22.852741241455078,55480600,0.05627090346219917
2000-09-18,33.875,35.625,33.5625,34.90625,24.08160972595215,75770000,0.05237739034265348
2000-09-19,35.84375,39.375,35.3125,38.75,26.733388900756836,85274000,0.10446483749341402
2000-09-20,39.09375,39.25,36.3125,37.5234375,25.88719940185547,52449800,-0.03216468983991292
2000-09-21,36.75,38.46875,35.5,35.96875,24.814626693725586,32562800,-0.042315349591383916
2000-09-22,34.6875,36.5625,34.5,36.5,25.18113136291504,34164000,0.014661693267310538
2000-09-25,37.625,37.75,34.71875,35.0,24.14629364013672,20946200,-0.041964062757767165
2000-09-26,35.6875,37.5,34.6875,36.6875,25.310487747192383,37944600,0.047087949437164586
2000-09-27,37.125,37.8125,36.0625,36.4375,25.138011932373047,30288200,-0.006837725122286025
2000-09-28,36.125,37.59375,35.78125,37.40625,25.806354522705078,20885000,0.02623964075327505
2000-09-29,37.34375,37.34375,35.4375,35.625,24.577470779418945,13227800,-0.04879055958821132
2000-10-02,36.3125,36.96875,35.375,35.65625,24.599023818969727,16962400,0.000876558652943079
2000-10-03,36.0,37.78125,35.71875,36.25,25.008655548095703,25109000,0.016515226875791485
2000-10-04,35.8125,39.75,35.75,39.21875,27.056777954101562,39061200,0.07871555834983178
2000-10-05,39.0,43.5,38.5,41.4375,28.58747100830078,64696200,0.05503099998848537
2000-10-06,41.4375,42.0,38.65625,38.90625,26.841190338134766,34240400,-0.06303088468039483
2000-10-09,38.6875,40.5,38.25,39.6875,27.380168914794922,20522600,0.01988132858896084
2000-10-10,40.4375,41.9375,39.21875,39.84375,27.487966537475586,36832000,0.003929339332894947
2000-10-11,38.875,39.46875,33.1875,35.25,24.318769454956055,58025400,-0.1224998707022273
2000-10-12,36.34375,37.09375,31.6875,32.1875,22.205963134765625,45688000,-0.0908875952653582
2000-10-13,32.0,35.03125,31.5625,34.96875,24.124732971191406,28286400,0.0828767161288998
2000-10-16,37.4375,39.03125,36.40625,38.5,26.560916900634766,39924000,0.09620326726147481
2000-10-17,39.1875,39.3125,35.5,37.09375,25.590761184692383,23364400,-0.037209450747962496
2000-10-18,35.0625,38.375,34.0,37.40625,25.806354522705078,28142400,0.008389365804871917
2000-10-19,38.9296875,39.0,36.65625,38.5,26.560916900634766,22504600,0.02882008494309044
2000-10-20,37.2890625,38.375,37.125,37.375,25.784801483154297,19325000,-0.029655617327835174
2000-10-23,36.9140625,37.40625,35.40625,36.8125,25.396724700927734,18488000,-0.015165011618271662
2000-10-24,35.96875,37.0,35.25,35.5,24.491233825683594,17440200,-0.03630496643692901
2000-10-25,35.3828125,36.375,32.53125,32.875,22.68026351928711,19413200,-0.07682015268234259
2000-10-26,33.6875,36.53125,33.0625,35.90625,24.771503448486328,23014800,0.08819884019691684
2000-10-27,36.25,38.0,35.4375,37.4375,25.827905654907227,21752800,0.04176158393015625
2000-10-30,35.65625,37.0,32.78125,34.0625,23.4995174407959,31944000,-0.09447563543024877
2000-10-31,33.3125,35.28125,31.75,32.5546875,22.459285736083984,38786400,-0.04527573929955652
2000-11-01,31.6953125,32.6875,30.5625,30.75,21.214242935180664,28733200,-0.05703135454356791
2000-11-02,31.40625,32.375,30.5,31.40625,21.666975021362305,33365600,0.02111642021950287
2000-11-03,33.90625,36.8125,33.875,35.25,24.318769454956055,55045400,0.1154592448671594
2000-11-06,35.6875,36.1171875,34.875,35.28125,24.340322494506836,14825800,0.0008858792918989752
2000-11-07,35.0,37.28125,34.9375,36.875,25.43984603881836,18673000,0.04418234947986925
2000-11-08,37.5703125,37.625,34.4375,34.53125,23.822904586791992,18517400,-0.06566919103506119
2000-11-09,33.90625,36.46875,33.84375,36.34375,25.073347091674805,19473800,0.05115791761269167
2000-11-10,36.375,38.75,36.3125,36.96875,25.504518508911133,33861800,0.01705021979683698
2000-11-13,35.5,39.03125,35.46875,37.53125,25.892589569091797,35406600,0.015101177847889327
2000-11-14,38.375,40.375,37.21875,40.1875,27.725112915039062,28926000,0.06838179516491007
2000-11-15,40.6875,43.15625,40.625,42.09375,29.04023551940918,51017600,0.04634369418856577
2000-11-16,41.15625,44.90625,41.09375,44.03125,30.37689971923828,40047000,0.04500014180597534
2000-11-17,43.5546875,44.625,42.3125,44.40625,30.635610580444336,32321200,0.008480634889436865
2000-11-20,43.3125,44.125,42.0625,42.3125,29.19114112854004,20086600,-0.048297799557124994
2000-11-21,41.4375,45.125,41.0625,43.75,30.182863235473633,30790600,0.033409043555906154
2000-11-22,42.8125,42.8125,38.75,39.46875,27.229244232177734,37088000,-0.10298276945950403
2000-11-24,40.71875,42.875,40.625,42.25,29.148029327392578,12493800,0.06809575463118137
2000-11-27,43.5,45.6875,43.40625,44.71875,30.851198196411133,40959000,0.056788283064952864
2000-11-28,43.75,44.34375,41.15625,41.734375,28.79228401184082,33772400,-0.06906815403662256
2000-11-29,41.0625,42.96875,39.25,41.3125,28.501249313354492,29682400,-0.010159513120248737
2000-11-30,39.375,41.40625,37.625,40.125,27.681987762451172,30656800,-0.029165981471776396
2000-12-01,41.1875,44.1875,40.75,41.5,28.63060188293457,28858600,0.03369420129662883
2000-12-04,43.5625,45.0625,43.0,45.0,31.045236587524414,43292600,0.08096924388599723
2000-12-05,46.25,50.0625,45.875,49.8125,34.3653450012207,58903800,0.10160325826184939
2000-12-06,49.125,53.90625,48.75,49.6875,34.279109954833984,68904400,-0.0025125144283480367
2000-12-07,48.21875,52.5,48.0,52.21875,36.025413513183594,47557800,0.04968849091134143
2000-12-08,52.65625,53.125,49.25,51.625,35.615787506103516,42941400,-0.011435611498725956
2000-12-11,49.0,51.28125,47.75,49.75,34.32223129272461,36458200,-0.03699572196392204
2000-12-12,49.0625,49.625,44.84375,44.90625,30.980560302734375,42861200,-0.10243336608791478
2000-12-13,46.125,47.8125,45.53125,45.65625,31.497968673706055,31667600,0.016563136427943666
2000-12-14,45.53125,47.25,43.875,44.03125,30.37689971923828,21760400,-0.03624061530105042
2000-12-15,42.6875,43.25,39.5,39.78125,27.44483757019043,57547800,-0.10150435829311748
2000-12-18,40.625,43.375,40.625,42.71875,29.471412658691406,31734000,0.0712426474749272
2000-12-19,43.125,46.40625,41.5625,41.71875,28.781511306762695,37262600,-0.023687518607289505
2000-12-20,40.9375,42.0,37.125,38.5625,26.60402488708496,44586200,-0.0786706965909325
2000-12-21,38.5625,41.25,37.125,37.90625,26.151283264160156,35720200,-0.017164253379640653
2000-12-22,39.3125,42.5,39.25,42.5,29.32050132751465,32830200,0.11438871284891466
2000-12-26,42.125,43.0625,40.3125,41.90625,28.910873413085938,16418600,-0.014069208330841599
2000-12-27,42.15625,45.0625,42.0,44.9375,31.002105712890625,26665200,0.06983736137634713
2000-12-28,44.84375,45.3125,43.3125,44.6875,30.82965850830078,20138800,-0.005577963167761954
2000-12-29,44.75,45.875,40.65625,41.09375,28.350332260131836,23929400,-0.08383841519359433
2001-01-02,40.9375,41.125,35.15625,35.4375,24.4481143951416,36380600,-0.14808565794537581
2001-01-03,34.5625,42.875,34.53125,42.03125,28.997106552124023,47526000,0.1706429588502111
2001-01-04,39.5,41.1875,38.375,39.46875,27.229244232177734,40355600,-0.06290449961313227
2001-01-05,39.6875,39.90625,36.28125,36.53125,25.202693939208984,31656400,-0.07734066017759833
2001-01-08,36.5,39.0,35.875,38.9375,26.862751007080078,23359400,0.0637897149161233
2001-01-09,37.5625,38.15625,35.84375,36.625,25.267377853393555,29433000,-0.061226455253389565
2001-01-10,34.6875,36.3125,33.875,36.21875,24.987104415893555,35403600,-0.01115428239472065
2001-01-11,35.125,37.03125,34.78125,35.28125,24.340322494506836,25866400,-0.02622553138080608
2001-01-12,35.9375,37.53125,35.28125,35.90625,24.771503448486328,22619600,0.01755960096465576
2001-01-16,34.8125,35.5625,34.21875,35.46875,24.46966552734375,21852600,-0.012259729326306429
2001-01-17,36.5,37.21875,35.78125,36.5,25.18113136291504,26540000,0.02866074994129114
2001-01-18,36.8125,37.0,35.71875,36.53125,25.202693939208984,23147800,0.0008559325331523969
2001-01-19,37.1875,37.21875,35.0,35.1875,24.275644302368164,25167400,-0.03747733552099706
2001-01-22,35.21875,37.859375,34.65625,37.71875,26.021942138671875,33483800,0.06946655489228942
2001-01-23,38.15625,39.9375,38.0625,38.8125,26.776519775390625,37063200,0.02858526518402891
2001-01-24,39.1875,39.1953125,36.4375,37.125,25.61231231689453,28724200,-0.04445218996372652
2001-01-25,37.0625,38.25,36.4375,36.96875,25.504518508911133,31479800,-0.004217552850051071
2001-01-26,38.46875,40.6875,37.875,40.5,27.940696716308594,57665400,0.09122865678301487
2001-01-29,40.09375,43.5,39.75,43.40625,29.945720672607422,34226200,0.06930214229122239
2001-01-30,42.875,43.0,41.515625,42.84375,29.557641983032227,22811800,-0.013044109604325674
2001-01-31,43.0,43.3125,41.96875,42.03125,28.997106552124023,22513800,-0.01914627142072485
2001-02-01,41.5625,42.75,40.46875,42.625,29.406719207763672,22344000,0.014027141770059872
2001-02-02,42.0625,44.5625,41.625,43.40625,29.945720672607422,44556200,0.01816323925499082
2001-02-05,42.90625,44.2421875,42.5625,43.21875,29.816360473632812,21904200,-0.00432917992580943
2001-02-06,42.9375,43.6875,40.90625,41.46875,28.609052658081055,16467400,-0.041334057795072064
2001-02-07,40.78125,43.875,40.46875,43.3125,29.88103675842285,28307600,0.04350086281819416
2001-02-08,43.21875,44.6875,42.3125,42.375,29.234262466430664,25561800,-0.021882663517173096
2001-02-09,42.0,43.0,38.875,39.5625,27.293930053710938,25314800,-0.06867705843493492
2001-02-12,39.53125,42.46875,39.5,41.4375,28.58747100830078,26479400,0.0463042100950884
2001-02-13,42.75,43.5625,40.21875,40.25,27.768224716186523,24444800,-0.029076174051304735
2001-02-14,40.78125,42.0,39.875,41.6875,28.759960174560547,24141800,0.035091776942801946
2001-02-15,42.265625,43.96875,42.21875,42.8125,29.536087036132812,25560200,0.02662865699654829
2001-02-16,40.625,41.6875,39.96875,40.3125,27.811357498168945,23395000,-0.06016832473222697
2001-02-20,40.21875,40.9375,37.6875,37.7578125,26.04889488220215,24447400,-0.06546913601378118
2001-02-21,36.375,37.90625,34.9375,35.625,24.577470779418945,32640000,-0.05814514300908887
2001-02-22,34.9375,35.25,31.53125,33.46875,23.089887619018555,51144600,-0.06243544507226938
2001-02-23,29.5625,31.3125,25.0625,30.90625,21.322031021118164,149932400,-0.07965389785499681
2001-02-26,31.4375,32.09375,29.375,31.53125,21.75322723388672,53842800,0.020021266682138154
2001-02-27,30.84375,30.875,27.71875,27.8125,19.187673568725586,47386000,-0.12549405386361817
2001-02-28,28.0,29.25,26.0625,27.40625,18.907407760620117,57997000,-0.014714280951995642
2001-03-01,27.5625,30.75,27.46875,30.59375,21.1064395904541,55642200,0.11002439749865953
2001-03-02,29.84375,32.375,29.75,30.25,20.869293212890625,54743000,-0.011299333441373403
2001-03-05,30.5625,31.625,29.75,31.46875,21.710102081298828,22659000,0.039498831580767675
2001-03-06,32.4375,33.234375,29.09375,29.53125,20.37343406677246,41703600,-0.06354588536477371
2001-03-07,30.5,30.65625,28.03125,28.8125,19.8775691986084,45456400,-0.02463988051431544
2001-03-08,28.84375,29.625,28.59375,28.625,19.748218536376953,22061200,-0.00652863345150759
2001-03-09,27.9375,28.625,25.96875,25.96875,17.91568946838379,33687600,-0.09738645103630725
2001-03-12,25.5,27.0,23.625,24.03125,16.57901954650879,48112000,-0.07753882230406375
2001-03-13,24.3125,26.5,23.78125,26.40625,18.21751594543457,42182600,0.09424553259442062
2001-03-14,24.9453125,26.78125,24.5,25.65625,17.70008659362793,40149000,-0.028814013979899758
2001-03-15,26.8125,27.5625,26.0625,26.09375,18.001924514770508,26985600,0.016909137804968395
2001-03-16,25.1875,25.6875,24.625,25.15625,17.355154037475586,30580400,-0.03658914471095286
2001-03-19,25.25,29.8125,25.125,29.09375,20.07160186767578,44608600,0.14541644870074882
2001-03-20,29.0,29.75,26.6875,27.0,18.627138137817383,42417400,-0.0746864166353616
2001-03-21,27.40625,29.5625,27.0625,29.0625,20.0500431060791,43807600,0.07361174665681694
2001-03-22,29.125,29.78125,26.5,28.4375,19.618860244750977,59501800,-0.02173994273052851
2001-03-23,29.6875,29.96875,28.03125,29.4375,20.308752059936523,35733800,0.034560568143932296
2001-03-26,29.6875,30.5625,27.5625,28.3125,19.532623291015625,38035000,-0.03896587212793627
2001-03-27,28.53125,30.5,28.3125,29.9375,20.653696060180664,43913800,0.055808232391263285
2001-03-28,29.1875,29.375,26.8125,27.40625,18.907407760620117,39496800,-0.08834049907455784
2001-03-29,26.1875,28.0625,26.0,27.34375,18.86428451538086,36864200,-0.00228336414796076
2001-03-30,27.46875,28.84375,26.28125,28.3125,19.532623291015625,29803400,0.03481563083125539
2001-04-02,27.75,28.75,25.46875,25.75,17.764768600463867,37414800,-0.09486885316275777
2001-04-03,26.0,26.375,22.84375,22.875,15.781319618225098,49397200,-0.11839026588431907
2001-04-04,22.4375,23.8125,21.375,21.9375,15.134554862976074,62465400,-0.041846406978303136
2001-04-05,23.0625,24.25,21.6875,23.96875,16.535890579223633,63258000,0.08855267429324591
2001-04-06,23.390625,23.71875,21.84375,22.3125,15.393263816833496,40943200,-0.07160320599810588
2001-04-09,22.354999542236328,23.100000381469727,21.889999389648438,22.6200008392334,15.6054048538208,23734400,0.013687320004242231
2001-04-10,22.924999237060547,25.34000015258789,22.604999542236328,24.399999618530273,16.833419799804688,34930600,0.07574886498320321
2001-04-11,26.434999465942383,26.524999618530273,24.850000381469727,25.545000076293945,17.623342514038086,29363800,0.04585811829735204
2001-04-12,24.5,26.639999389648438,23.549999237060547,26.520000457763672,18.29598617553711,36153200,0.037457398600480675
2001-04-16,25.799999237060547,26.010000228881836,24.0049991607666,24.184999465942383,16.685091018676758,23467800,-0.09216613381147372
2001-04-17,23.975000381469727,25.7549991607666,23.950000762939453,25.3799991607666,17.5095157623291,28842800,0.04822892368568517
2001-04-18,26.989999771118164,30.0,26.375,29.375,20.265640258789062,51701600,0.14618236290184738
2001-04-19,29.899999618530273,33.25,28.93000030517578,33.165000915527344,22.880342483520508,55586000,0.12135128118894016
2001-04-20,32.04999923706055,33.0,30.6299991607666,31.915000915527344,22.017961502075195,33502800,-0.038419582913324
2001-04-23,30.65999984741211,31.524999618530273,29.024999618530273,29.100000381469727,20.075912475585938,27689000,-0.0923378400424144
2001-04-24,29.729999542236328,31.315000534057617,29.625,29.75,20.52433967590332,26453200,0.022090770994038108
2001-04-25,29.6299991607666,31.649999618530273,29.079999923706055,31.489999771118164,21.724763870239258,35864400,0.05684131893531704
2001-04-26,28.264999389648438,30.075000762939453,28.264999389648438,29.024999618530273,20.024166107177734,62933200,-0.08151295255905336
2001-04-27,29.9950008392334,30.25,27.93000030517578,28.149999618530273,19.420515060424805,33430000,-0.03060986482399922
2001-04-30,29.479999542236328,30.30500030517578,28.350000381469727,28.68000030517578,19.78616714477539,29310000,0.018653079818274482
2001-05-01,28.360000610351562,30.924999237060547,27.875,30.875,21.300479888916016,27274200,0.07374653796389685
2001-05-02,30.735000610351562,31.469999313354492,29.520000457763672,30.049999237060547,20.731311798095703,25198200,-0.02708439783377974
2001-05-03,29.56999969482422,30.5,28.860000610351562,29.420000076293945,20.296688079833984,22814000,-0.02118748066297899
2001-05-04,28.575000762939453,31.135000228881836,28.174999237060547,30.795000076293945,21.245290756225586,30661200,0.0456775353783567
2001-05-07,30.690000534057617,30.774999618530273,29.780000686645508,30.2450008392334,20.865848541259766,19977000,-0.01802147795779135
2001-05-08,30.739999771118164,31.469999313354492,30.209999084472656,31.024999618530273,21.403963088989258,20837200,0.025462314574873215
2001-05-09,30.594999313354492,30.795000076293945,29.524999618530273,29.639999389648438,20.448455810546875,17913600,-0.04566872680527497
2001-05-10,30.424999237060547,30.649999618530273,29.260000228881836,29.30500030517578,20.217348098754883,15230200,-0.011366316545955631
2001-05-11,29.344999313354492,30.014999389648438,28.56999969482422,28.975000381469727,19.98968505859375,12634600,-0.011324659164677606
2001-05-14,29.059999465942383,29.104999542236328,27.600000381469727,28.459999084472656,19.634382247924805,18167600,-0.01793416768663904
2001-05-15,29.100000381469727,31.18000030517578,29.020000457763672,29.75,20.52433967590332,37908200,0.044329257369431274
2001-05-16,30.389999389648438,32.46500015258789,29.934999465942383,32.380001068115234,22.338777542114258,34841400,0.08471258843487076
2001-05-17,32.33000183105469,34.154998779296875,32.20000076293945,33.17499923706055,22.887231826782227,31584000,0.024255121357294462
2001-05-18,32.755001068115234,33.43000030517578,32.2599983215332,32.689998626708984,22.552629470825195,15781000,-0.014727527519642097
2001-05-21,33.18000030517578,35.52000045776367,32.875,35.5,24.491233825683594,25088400,0.08246358509485288
2001-05-22,35.33000183105469,35.33000183105469,33.5,34.95500183105469,24.115238189697266,21910000,-0.015471319776157776
2001-05-23,35.029998779296875,35.5,34.04499816894531,34.05500030517578,23.494342803955078,24848400,-0.026084270291439574
2001-05-24,34.20000076293945,35.0,33.525001525878906,35.0,24.14629364013672,20010200,0.02737123543938921
2001-05-25,34.584999084472656,34.95000076293945,33.75,33.7599983215332,23.29082679748535,14916600,-0.036071312489523055
2001-05-29,33.68000030517578,34.224998474121094,32.75,33.09000015258789,22.828596115112305,17413400,-0.020045617708674524
2001-05-30,31.895000457763672,32.150001525878906,30.524999618530273,30.90999984741211,21.324626922607422,24797400,-0.06815136727616575
2001-05-31,30.975000381469727,31.649999618530273,30.200000762939453,30.3700008392334,20.95207977294922,21987400,-0.01762468377531674
2001-06-01,30.625,31.25,30.0,30.795000076293945,21.245290756225586,14297000,0.013897344726546157
2001-06-04,31.225000381469727,31.575000762939453,30.280000686645508,30.969999313354492,21.36601448059082,12150200,0.005666291924133453
2001-06-05,31.010000228881836,32.415000915527344,30.950000762939453,31.760000228881836,21.911033630371094,17964200,0.02518877742344167
2001-06-06,31.924999237060547,32.27000045776367,30.764999389648438,31.239999771118164,21.552288055419922,12808600,-0.01650834350771924
2001-06-07,31.165000915527344,32.76499938964844,30.850000381469727,32.5,22.421550750732422,14187000,0.03954059825901384
2001-06-08,32.349998474121094,32.349998474121094,30.5,30.6200008392334,21.12455940246582,11969200,-0.059586267100382596
2001-06-11,30.524999618530273,30.604999542236328,29.0,29.889999389648438,20.620935440063477,19297200,-0.02412947311042036
2001-06-12,28.010000228881836,29.290000915527344,27.75,28.985000610351562,19.996578216552734,25350000,-0.030745673483099225
2001-06-13,29.135000228881836,29.139999389648438,27.100000381469727,27.110000610351562,18.70302391052246,21186200,-0.06687595251169126
2001-06-14,27.049999237060547,27.5,25.71500015258789,25.75,17.764768600463867,23156600,-0.05146801343040521
2001-06-15,25.075000762939453,25.25,24.25,24.674999237060547,17.02313995361328,34356600,-0.04264361156111246
2001-06-18,25.395000457763672,26.1200008392334,24.725000381469727,25.020000457763672,17.261152267456055,27066400,0.013884850598260515
2001-06-19,26.09000015258789,26.21500015258789,24.93000030517578,25.155000686645508,17.354290008544922,21160200,0.005381295729559014
2001-06-20,24.799999237060547,25.315000534057617,23.989999771118164,24.225000381469727,16.712684631347656,28049800,-0.03767174870154423
2001-06-21,24.34000015258789,26.850000381469727,24.0,26.25,18.10972023010254,32745600,0.080280833543319
2001-06-22,26.350000381469727,27.299999237060547,26.219999313354492,27.014999389648438,18.637481689453125,22582000,0.028725874222539582
2001-06-25,27.610000610351562,27.649999618530273,26.3799991607666,27.174999237060547,18.747867584228516,22868600,0.005905319474528322
2001-06-26,26.655000686645508,27.100000381469727,25.950000762939453,26.725000381469727,18.437427520751953,21046600,-0.01669731409320726
2001-06-27,26.774999618530273,28.375,26.65999984741211,27.780000686645508,19.165258407592773,25090000,0.038716479034904376
2001-06-28,28.350000381469727,29.575000762939453,28.350000381469727,28.799999237060547,19.868955612182617,25078800,0.03605931209537598
2001-06-29,28.655000686645508,29.25,28.290000915527344,29.239999771118164,20.172502517700195,16127000,0.015161921404320914
2001-07-02,28.770000457763672,29.725000381469727,28.524999618530273,28.934999465942383,19.962080001831055,12945800,-0.010485941586494532
2001-07-03,31.0,31.975000381469727,30.600000381469727,31.934999465942383,22.03175926208496,30307800,0.09865054122498024
2001-07-05,31.469999313354492,32.0,30.625,30.704999923706055,21.183191299438477,20964000,-0.03927701122589854
2001-07-06,30.540000915527344,31.0,29.0049991607666,29.09000015258789,20.069019317626953,20909800,-0.054030705445043375
2001-07-09,30.03499984741211,31.405000686645508,29.850000381469727,30.860000610351562,21.29013442993164,26743200,0.05906649459767972
2001-07-10,31.1299991607666,31.375,29.3700008392334,29.524999618530273,20.369121551513672,21977000,-0.04422368842432247
2001-07-11,29.174999237060547,29.7450008392334,27.610000610351562,28.225000381469727,19.472259521484375,30185400,-0.04502924060198539
2001-07-12,29.78499984741211,31.774999618530273,29.684999465942383,31.68000030517578,21.8558406829834,29961200,0.11547732987886695
2001-07-13,31.270000457763672,33.970001220703125,30.8799991607666,32.790000915527344,22.621625900268555,42109600,0.034438153018106606
2001-07-16,32.709999084472656,33.33000183105469,31.875,32.05500030517578,22.11455535888672,24689600,-0.022670341727653885
2001-07-17,32.10499954223633,32.775001525878906,31.530000686645508,32.345001220703125,22.314638137817383,21693200,0.009006876596445838
2001-07-18,32.1150016784668,32.650001525878906,30.854999542236328,31.274999618530273,21.576438903808594,18210800,-0.03364095399996688
2001-07-19,32.20000076293945,33.70500183105469,32.16999816894531,32.849998474121094,22.66301727294922,27739600,0.049132473027904564
2001-07-20,32.46500015258789,32.849998474121094,31.950000762939453,32.2400016784668,22.242185592651367,25012400,-0.01874366327689915
2001-07-23,32.19499969482422,32.650001525878906,30.375,30.424999237060547,20.990028381347656,21318000,-0.057943251636524945
2001-07-24,29.0,29.184999465942383,28.219999313354492,28.875,19.920690536499023,37194200,-0.05228856892573081
2001-07-25,29.1299991607666,30.0,28.55500030517578,29.795000076293945,20.555397033691406,21651000,0.031364618795379814
2001-07-26,29.8700008392334,30.225000381469727,28.829999923706055,29.829999923706055,20.57953453063965,27929400,0.001173576753414063
2001-07-27,31.610000610351562,32.29999923706055,31.25,31.59000015258789,21.793758392333984,34511000,0.05732650393028966
2001-07-30,31.55500030517578,32.51499938964844,31.450000762939453,32.05500030517578,22.11455535888672,22950600,0.014612388735687987
2001-07-31,32.165000915527344,32.439998626708984,30.885000228881836,31.614999771118164,21.810998916625977,28376400,-0.013821625238566688
2001-08-01,32.10499954223633,32.970001220703125,31.975000381469727,32.685001373291016,22.549184799194336,18907000,0.03328453446472844
2001-08-02,33.099998474121094,34.189998626708984,33.04499816894531,34.16999816894531,23.57367706298828,25390600,0.04443179636344615
2001-08-03,33.75,34.064998626708984,33.150001525878906,33.43000030517578,23.063154220581055,17544000,-0.021894422160426575
2001-08-06,33.154998779296875,34.099998474121094,33.125,33.650001525878906,23.214935302734375,13833000,0.006559545908147663
2001-08-07,33.5099983215332,34.435001373291016,33.375,33.779998779296875,23.30461883544922,15868400,0.0038557396124996057
2001-08-08,33.494998931884766,34.435001373291016,32.02000045776367,32.54499816894531,22.452600479125977,22618800,-0.037245132467614114
2001-08-09,32.57500076293945,33.20000076293945,31.950000762939453,32.86000061035156,22.669921875,22507600,0.009632576589612463
2001-08-10,32.6349983215332,32.790000915527344,31.100000381469727,31.885000228881836,21.997276306152344,25817000,-0.030120376900982293
2001-08-13,32.685001373291016,33.42499923706055,32.32500076293945,33.29999923706055,22.973478317260742,19800800,0.0434217925096525
2001-08-14,33.619998931884766,33.875,32.75,32.96500015258789,22.74236488342285,15580000,-0.010110954390178705
2001-08-15,32.875,33.08000183105469,31.75,31.764999389648438,21.91448211669922,20480200,-0.037081777409439194
2001-08-16,31.31999969482422,32.41999816894531,30.25,32.404998779296875,22.356016159057617,23959800,0.019947762075322173
2001-08-17,31.690000534057617,32.150001525878906,30.690000534057617,30.780000686645508,21.23493766784668,18508600,-0.051447635802377954
2001-08-20,31.030000686645508,31.854999542236328,30.7450008392334,31.854999542236328,21.976558685302734,14763600,0.034328542578860734
2001-08-21,31.860000610351562,32.9900016784668,31.200000762939453,31.219999313354492,21.538496017456055,22653600,-0.02013452447308091
2001-08-22,31.795000076293945,32.02000045776367,30.375,31.875,21.990371704101562,27677400,0.020762861231228228
2001-08-23,31.719999313354492,32.720001220703125,31.46500015258789,31.475000381469727,21.714414596557617,22051200,-0.012628400606985692
2001-08-24,31.895000457763672,33.07500076293945,31.75,33.05500030517578,22.804439544677734,20919200,0.04897892673622205
2001-08-27,32.89500045776367,33.29499816894531,32.2400016784668,32.48500061035156,22.411205291748047,14804400,-0.017394163854046844
2001-08-28,32.70000076293945,32.73500061035156,31.28499984741211,31.399999618530273,21.66266632080078,22055000,-0.03397073718990347
2001-08-29,31.690000534057617,31.75,30.795000076293945,31.360000610351562,21.63507080078125,21390400,-0.001274686650645748
2001-08-30,30.950000762939453,31.475000381469727,29.780000686645508,29.795000076293945,20.555397033691406,28877600,-0.05119211034486326
2001-08-31,29.55500030517578,30.075000762939453,29.014999389648438,29.424999237060547,20.300142288208008,23522600,-0.012495640543389357
2001-09-04,29.375,29.5,27.0,27.149999618530273,18.730627059936523,41623800,-0.08046790049146706
2001-09-05,26.90999984741211,27.100000381469727,25.684999465942383,26.604999542236328,18.35462760925293,47923800,-0.02027826630560186
2001-09-06,26.329999923706055,27.485000610351562,24.200000762939453,24.2549991607666,16.73337745666504,49786000,-0.09247635361884865
2001-09-07,24.0,25.149999618530273,23.725000381469727,24.59000015258789,16.96449851989746,45528800,0.013717463232965745
2001-09-10,25.235000610351562,25.895000457763672,24.829999923706055,25.270000457763672,17.433618545532227,36125800,0.027277604321758513
2001-09-17,23.625,25.219999313354492,22.854999542236328,22.895000457763672,15.795123100280762,42100800,-0.09869921458628877
2001-09-18,23.264999389648438,24.190000534057617,22.655000686645508,23.184999465942383,15.99518871307373,32045400,0.012586743738919833
2001-09-19,22.81999969482422,23.219999313354492,21.299999237060547,22.5,15.522618293762207,41121800,-0.029989766564887756
2001-09-20,22.25,23.0,21.864999771118164,22.770000457763672,15.70888614654541,44107600,0.011928343812795
2001-09-21,21.424999237060547,23.0,21.399999618530273,22.44499969482422,15.484673500061035,45258000,-0.014375820547925794
2001-09-24,23.280000686645508,23.924999237060547,22.950000762939453,23.799999237060547,16.41948127746582,30381400,0.058617784342021494
2001-09-25,23.665000915527344,24.424999237060547,23.350000381469727,24.40999984741211,16.840316772460938,36162000,0.025307306725521
2001-09-26,24.549999237060547,24.649999618530273,23.040000915527344,23.165000915527344,15.981395721435547,32100800,-0.05235054106248014
2001-09-27,22.959999084472656,23.8799991607666,22.049999237060547,23.780000686645508,16.405689239501953,31670400,0.02620290122926954
2001-09-28,23.915000915527344,24.610000610351562,23.53499984741211,23.770000457763672,16.39877700805664,29678400,-0.0004214201502592798
2001-10-01,23.625,23.700000762939453,22.290000915527344,22.399999618530273,15.453629493713379,31600800,-0.05936286492836853
2001-10-02,22.545000076293945,23.5,22.274999618530273,22.934999465942383,15.822717666625977,32895400,0.023602839909453034
2001-10-03,22.834999084472656,24.024999618530273,21.670000076293945,22.405000686645508,15.457080841064453,66462200,-0.02337952913282975
2001-10-04,22.06999969482422,22.700000762939453,20.985000610351562,21.0,14.487781524658203,76788600,-0.06476156449558217
2001-10-05,20.510000228881836,20.625,19.155000686645508,19.229999542236328,13.266658782958984,77904400,-0.08805161134988851
2001-10-08,19.540000915527344,20.924999237060547,19.420000076293945,20.610000610351562,14.218721389770508,47433600,0.0693054746284082
2001-10-09,20.815000534057617,21.125,20.024999618530273,20.424999237060547,14.091083526611328,41547200,-0.00901728064903747
2001-10-10,20.184999465942383,22.545000076293945,20.149999618530273,22.450000762939453,15.488125801086426,51378600,0.09453142963658182
2001-10-11,23.735000610351562,25.225000381469727,23.5,24.84000015258789,17.13697052001953,68818200,0.10116449543521638
2001-10-12,24.31999969482422,24.969999313354492,23.549999237060547,24.75,17.07487678527832,37382800,-0.0036299590822516884
2001-10-15,24.309999465942383,25.7450008392334,23.829999923706055,25.274999618530273,17.437074661254883,31874800,0.020990477756290107
2001-10-16,25.05500030517578,25.299999237060547,24.184999465942383,24.924999237060547,17.19561004638672,34895200,-0.013944545716504329
2001-10-17,25.450000762939453,25.5,23.25,23.31999969482422,16.088329315185547,36550200,-0.06655999950442719
2001-10-18,23.764999389648438,24.334999084472656,23.100000381469727,23.69499969482422,16.347047805786133,33358800,0.01595319682562282
2001-10-19,23.670000076293945,24.575000762939453,23.649999618530273,24.149999618530273,16.66093635559082,28841600,0.019019520273615875
2001-10-22,24.1200008392334,24.649999618530273,23.299999237060547,24.165000915527344,16.671287536621094,22802400,0.0006210915537168669
2001-10-23,24.31999969482422,25.600000381469727,24.139999389648438,24.674999237060547,17.02313995361328,33173200,0.020885661710982762
2001-10-24,24.774999618530273,26.75,24.725000381469727,26.6200008392334,18.36498260498047,40147800,0.07587213984698184
2001-10-25,26.059999465942383,27.985000610351562,25.334999084472656,27.93000030517578,19.26875114440918,35369800,0.048038939956321206
2001-10-26,27.510000228881836,28.5,27.309999465942383,27.635000228881836,19.06522560119629,39769400,-0.010618645539834382
2001-10-29,27.475000381469727,27.5,26.110000610351562,26.149999618530273,18.040727615356445,26788000,-0.05523417923788012
2001-10-30,25.364999771118164,25.405000686645508,24.219999313354492,24.344999313354492,16.795467376708984,42631400,-0.07152279626508896
2001-10-31,24.854999542236328,25.774999618530273,24.5,24.559999465942383,16.94379234313965,32084400,0.008792482302028648
2001-11-01,24.969999313354492,25.844999313354492,24.5,25.815000534057617,17.809616088867188,29547600,0.04983700783461744
2001-11-02,25.774999618530273,26.924999237060547,25.59000015258789,26.760000228881836,18.461563110351562,32466800,0.03595235988546391
2001-11-05,26.790000915527344,27.040000915527344,26.0,26.540000915527344,18.30978775024414,31249600,-0.008255134417256242
2001-11-06,26.704999923706055,27.415000915527344,25.96500015258789,27.364999771118164,18.87895965576172,35199200,0.030612289614057202
2001-11-07,25.80500030517578,28.434999465942383,25.594999313354492,27.55500030517578,19.010028839111328,91845200,0.006918617328297296
2001-11-08,27.815000534057617,29.024999618530273,27.31999969482422,28.145000457763672,19.417068481445312,57340600,0.021185824338234852
2001-11-09,27.700000762939453,28.270000457763672,27.399999618530273,27.709999084472656,19.11696434020996,26454800,-0.015576371686257782
2001-11-12,27.625,28.219999313354492,26.844999313354492,28.114999771118164,19.39637565612793,23800200,0.014510100566149457
2001-11-13,28.684999465942383,28.96500015258789,28.30500030517578,28.780000686645508,19.855144500732422,22768400,0.02337691559057651
2001-11-14,29.049999237060547,29.350000381469727,28.299999237060547,29.03499984741211,20.03107261657715,22871800,0.008821556389644892
2001-11-15,28.850000381469727,30.0,28.80500030517578,29.479999542236328,20.338077545166016,27431000,0.015210171436239773
2001-11-16,29.635000228881836,30.19499969482422,29.479999542236328,30.040000915527344,20.72441864013672,27170200,0.01881777930526345
2001-11-19,30.165000915527344,31.2450008392334,30.059999465942383,31.235000610351562,21.54883575439453,26054600,0.03900914028366159
2001-11-20,31.0,31.114999771118164,29.540000915527344,29.610000610351562,20.42776107788086,28568400,-0.05342697687072188
2001-11-21,29.59000015258789,30.100000381469727,29.100000381469727,29.889999389648438,20.620935440063477,17289000,0.009412030325809333
2001-11-23,30.09000015258789,30.75,29.950000762939453,30.655000686645508,21.148706436157227,7164200,0.025271898983540833
2001-11-26,30.725000381469727,30.81999969482422,29.5,30.200000762939453,20.834806442260742,29628000,-0.014953767407863633
2001-11-27,29.885000228881836,30.834999084472656,28.989999771118164,30.010000228881836,20.703725814819336,27891400,-0.006311299674030809
2001-11-28,29.809999465942383,30.299999237060547,28.614999771118164,28.645000457763672,19.76201057434082,27288400,-0.046552238271776285
2001-11-29,28.625,29.299999237060547,28.25,29.209999084472656,20.151805877685547,20094800,0.01953246924109754
2001-11-30,29.200000762939453,30.024999618530273,29.049999237060547,29.360000610351562,20.255292892456055,21344400,0.0051222307063900525
2001-12-03,29.075000762939453,29.540000915527344,28.524999618530273,28.639999389648438,19.758567810058594,17876200,-0.024828926359735232
2001-12-04,28.834999084472656,29.985000610351562,28.55500030517578,29.954999923706055,20.6657772064209,19909000,0.04489184660688727
2001-12-05,30.165000915527344,31.125,30.139999389648438,30.9950008392334,21.38326072692871,30072400,0.034129349868865864
2001-12-06,30.854999542236328,30.885000228881836,29.834999084472656,30.020000457763672,20.71061897277832,29728200,-0.03196184433169612
2001-12-07,29.889999389648438,29.899999618530273,28.235000610351562,28.485000610351562,19.651626586914062,33465200,-0.052486449739617254
2001-12-10,28.274999618530273,29.375,28.100000381469727,28.514999389648438,19.672330856323242,23118800,0.0010530105649816156
2001-12-11,28.5,29.549999237060547,28.450000762939453,28.764999389648438,19.84480094909668,23313800,0.00872893249054168
2001-12-12,28.950000762939453,29.21500015258789,27.915000915527344,28.834999084472656,19.893095016479492,22571600,0.0024306315161378377
2001-12-13,28.299999237060547,28.5,27.5,27.5,18.972084045410156,23683200,-0.047404049444487
2001-12-14,27.65999984741211,28.125,27.375,27.920000076293945,19.2618408203125,19307400,0.015157341204846138
2001-12-17,27.950000762939453,28.125,26.65999984741211,26.760000228881836,18.461563110351562,30373000,-0.042435078157781046
2001-12-18,27.364999771118164,27.399999618530273,26.604999542236328,26.799999237060547,18.489158630371094,25106000,0.001493639303910434
2001-12-19,26.204999923706055,27.049999237060547,26.049999237060547,26.139999389648438,18.033823013305664,21482800,-0.0249354893544275
2001-12-20,25.969999313354492,26.0,24.684999465942383,24.780000686645508,17.095577239990234,30375400,-0.053429261854054035
2001-12-21,25.104999542236328,25.549999237060547,24.825000762939453,24.9950008392334,17.2439022064209,30459600,0.008638796584201237
2001-12-24,25.094999313354492,25.549999237060547,25.024999618530273,25.059999465942383,17.28875160217285,5218400,0.0025975079249506085
2001-12-26,25.18000030517578,26.030000686645508,25.170000076293945,25.30500030517578,17.457767486572266,12261200,0.009728584150424869
2001-12-27,25.434999465942383,26.1200008392334,25.434999465942383,26.100000381469727,18.006235122680664,14290200,0.03093341584089321
2001-12-28,26.325000762939453,26.635000228881836,25.774999618530273,25.899999618530273,17.868255615234375,14839200,-0.007692384476733331
2001-12-31,25.75,25.875,24.9950008392334,25.25,17.41982650756836,14681400,-0.02541669714984929
2002-01-02,25.485000610351562,26.024999618530273,24.885000228881836,26.024999618530273,17.95449447631836,18612800,0.030231460252191762
2002-01-03,26.030000686645508,26.670000076293945,25.825000762939453,25.989999771118164,17.930347442626953,22240000,-0.0013458070898311172
2002-01-04,26.235000610351562,26.290000915527344,24.895000457763672,25.204999923706055,17.388778686523438,38927400,-0.03066957004760079
2002-01-07,25.200000762939453,25.209999084472656,23.549999237060547,23.600000381469727,16.28150177001953,40064600,-0.06579549247202186
2002-01-08,23.424999237060547,24.290000915527344,23.229999542236328,24.094999313354492,16.623001098632812,56385400,0.02075774200878714
2002-01-09,24.575000762939453,24.6299991607666,22.9950008392334,23.104999542236328,15.94000244140625,45937000,-0.04195551812014125
2002-01-10,23.329999923706055,23.56999969482422,22.75,23.344999313354492,16.105571746826172,49996800,0.010333456828713878
2002-01-11,23.139999389648438,23.5,23.024999618530273,23.2549991607666,16.043485641479492,23483000,-0.003862395203731287
2002-01-14,23.104999542236328,23.8799991607666,23.040000915527344,23.575000762939453,16.264249801635742,26820800,0.013666547234638388
2002-01-15,23.475000381469727,23.639999389648438,23.075000762939453,23.274999618530273,16.057283401489258,36854000,-0.012806894256168457
2002-01-16,23.079999923706055,23.30500030517578,22.719999313354492,22.75,15.695089340209961,28107000,-0.02281465857798407
2002-01-17,23.094999313354492,23.704999923706055,22.905000686645508,23.635000228881836,16.305646896362305,23851400,0.03816360062771919
2002-01-18,23.100000381469727,23.354999542236328,22.424999237060547,22.475000381469727,15.505370140075684,25815400,-0.05032505860588097
2002-01-22,22.56999969482422,22.575000762939453,20.6299991607666,20.700000762939453,14.280810356140137,37067800,-0.08226972164139917
2002-01-23,21.0,22.06999969482422,20.665000915527344,21.770000457763672,15.018990516662598,33356600,0.05039873187033937
2002-01-24,22.30500030517578,22.5,21.799999237060547,21.854999542236328,15.077630996704102,37546000,0.003896819729156649
2002-01-25,20.920000076293945,23.18000030517578,20.915000915527344,23.024999618530273,15.884815216064453,56492200,0.052151380518788336
2002-01-28,23.299999237060547,23.424999237060547,22.075000762939453,22.69499969482422,15.657150268554688,29880400,-0.014435936233412966
2002-01-29,22.889999389648438,23.020000457763672,21.489999771118164,21.59000015258789,14.894805908203125,28530400,-0.0499151434025387
2002-01-30,21.829999923706055,22.375,21.5,22.344999313354492,15.415689468383789,31119400,0.03437323203424654
2002-01-31,22.25,22.350000381469727,21.704999923706055,22.024999618530273,15.19491195678711,19762400,-0.01442515531745457
2002-02-01,21.920000076293945,21.9950008392334,21.059999465942383,21.229999542236328,14.646448135375977,19889400,-0.03676277415875583
2002-02-04,21.200000762939453,21.524999618530273,20.299999237060547,20.395000457763672,14.070391654968262,24413600,-0.040125151057697706
2002-02-05,19.96500015258789,20.6200008392334,19.549999237060547,19.905000686645508,13.732340812683105,33471400,-0.024319012758315307
2002-02-06,20.094999313354492,20.549999237060547,19.399999618530273,20.299999237060547,14.00484561920166,26281600,0.019649691233744448
2002-02-07,20.25,20.399999618530273,19.524999618530273,19.55500030517578,13.490875244140625,25089800,-0.03738983631405202
2002-02-08,19.75,20.06999969482422,17.295000076293945,18.729999542236328,12.921717643737793,113367200,-0.04310411499440207
2002-02-11,19.405000686645508,20.655000686645508,19.3700008392334,20.639999389648438,14.239415168762207,52587400,0.09710440145119525
2002-02-12,20.334999084472656,20.6200008392334,20.145000457763672,20.25,13.970348358154297,25137800,-0.01907672641314966
2002-02-13,20.475000381469727,21.049999237060547,20.399999618530273,20.950000762939453,14.453286170959473,21881000,0.033984696260679965
2002-02-14,21.0,21.0,20.014999389648438,20.024999618530273,13.815130233764648,19634800,-0.04515742006503667
2002-02-15,20.040000915527344,20.325000762939453,18.329999923706055,18.700000762939453,12.901017189025879,40053600,-0.06845822519209525
2002-02-19,18.454999923706055,19.049999237060547,17.950000762939453,18.65999984741211,12.873422622680664,35042400,-0.0021412358204467357
2002-02-20,18.979999542236328,19.040000915527344,17.219999313354492,17.954999923706055,12.387044906616211,46179400,-0.03851376343348755
2002-02-21,17.844999313354492,17.875,16.239999771118164,16.25,11.210775375366211,53571600,-0.09977575798935613
2002-02-22,16.360000610351562,16.780000686645508,15.515000343322754,16.350000381469727,11.279766082763672,59226400,0.00613510563308252
2002-02-25,17.46500015258789,17.975000381469727,17.149999618530273,17.954999923706055,12.387044906616211,53386400,0.09364065235627371
2002-02-26,18.299999237060547,18.375,17.049999237060547,17.385000228881836,11.99380874633789,44648000,-0.03226058202640072
2002-02-27,17.729999542236328,17.834999084472656,16.78499984741211,16.78499984741211,11.57987117767334,27107800,-0.03512223131139923
2002-02-28,17.020000457763672,17.440000534057617,16.524999618530273,16.625,11.469487190246582,23921600,-0.009578126171988678
2002-03-01,16.899999618530273,18.030000686645508,16.739999771118164,17.985000610351562,12.407742500305176,29224800,0.07863045158559455
2002-03-04,18.1299991607666,19.469999313354492,18.125,19.434999465942383,13.408087730407715,33465400,0.0775374139139966
2002-03-05,18.950000762939453,19.774999618530273,18.850000381469727,19.43000030517578,13.404645919799805,30854400,-0.0002567295578075052
2002-03-06,19.549999237060547,20.225000381469727,19.450000762939453,19.975000381469727,13.780631065368652,31665800,0.02766270298259089
2002-03-07,20.28499984741211,20.764999389648438,19.895000457763672,20.719999313354492,14.294600486755371,29273200,0.03661781734054531
2002-03-08,21.299999237060547,22.049999237060547,21.204999923706055,21.899999618530273,15.108675956726074,35033400,0.055387267868599585
2002-03-11,21.7549991607666,22.325000762939453,21.075000762939453,21.825000762939453,15.056937217712402,23977800,-0.0034303158002394235
2002-03-12,20.81999969482422,21.350000381469727,20.725000381469727,21.290000915527344,14.687849044799805,23590400,-0.0248182733166825
2002-03-13,20.934999465942383,21.024999618530273,20.299999237060547,20.485000610351562,14.132477760314941,21610000,-0.03854502046366534
2002-03-14,20.700000762939453,20.94499969482422,20.200000762939453,20.209999084472656,13.942760467529297,22304400,-0.013515125252267233
2002-03-15,20.309999465942383,20.9950008392334,20.209999084472656,20.9950008392334,14.484322547912598,25970600,0.03810645025364376
2002-03-18,21.364999771118164,22.0,21.30500030517578,21.854999542236328,15.077630996704102,28936400,0.04014539361767065
2002-03-19,21.940000534057617,21.950000762939453,21.329999923706055,21.520000457763672,14.846522331237793,20375200,-0.015446603155562642
2002-03-20,20.7450008392334,21.0,20.079999923706055,20.104999542236328,13.870316505432129,22534600,-0.06801459788223374
2002-03-21,19.809999465942383,20.899999618530273,19.510000228881836,20.885000228881836,14.40843391418457,30621000,0.03806267012652111
2002-03-22,20.704999923706055,20.84000015258789,20.100000381469727,20.235000610351562,13.960009574890137,17770000,-0.0316169404040607
2002-03-25,20.225000381469727,20.479999542236328,19.735000610351562,19.735000610351562,13.615056991577148,18076000,-0.02502047115711422
2002-03-26,19.520000457763672,20.475000381469727,19.290000915527344,19.934999465942383,13.753040313720703,23613000,0.01008360133842639
2002-03-27,19.21500015258789,19.399999618530273,18.774999618530273,18.934999465942383,13.06314468383789,30071200,-0.05146503110188104
2002-03-28,19.1299991607666,19.190000534057617,18.565000534057617,18.81999969482422,12.983806610107422,20250200,-0.006091946669685459
2002-04-01,18.549999237060547,19.799999237060547,18.399999618530273,19.670000076293945,13.570215225219727,25126800,0.04417439846679787
2002-04-02,19.25,19.725000381469727,18.625,18.635000228881836,12.856176376342773,20257600,-0.054052986370321444
2002-04-03,19.200000762939453,19.290000915527344,18.524999618530273,18.81999969482422,12.983806610107422,24533600,0.00987858790352356
2002-04-04,18.375,18.674999237060547,17.90999984741211,18.299999237060547,12.625061988830566,31288200,-0.028019050468367997
2002-04-05,18.31999969482422,18.600000381469727,17.795000076293945,17.954999923706055,12.387044906616211,18313200,-0.0190327242882323
2002-04-08,17.46500015258789,18.155000686645508,17.270000457763672,18.059999465942383,12.459485054016113,22611000,0.005831023709685196
2002-04-09,18.399999618530273,18.600000381469727,17.475000381469727,17.5,12.07314682006836,20154800,-0.03149846927477725
2002-04-10,17.725000381469727,18.145000457763672,17.469999313354492,17.649999618530273,12.176627159118652,19937800,0.008534592302400116
2002-04-11,17.450000762939453,17.5,17.110000610351562,17.31999969482422,11.948962211608887,15160400,-0.01887387721531408
2002-04-12,17.415000915527344,18.06999969482422,17.049999237060547,17.854999542236328,12.31805419921875,22892400,0.030421576867181
2002-04-15,17.9950008392334,18.225000381469727,17.225000381469727,18.100000381469727,12.487080574035645,24249600,0.013628548489086626
2002-04-16,18.684999465942383,19.81999969482422,18.65999984741211,19.809999465942383,13.666802406311035,29353600,0.09027515441019407
2002-04-17,20.010000228881836,20.174999237060547,19.450000762939453,19.899999618530273,13.728891372680664,27450400,0.004532761475344387
2002-04-18,19.024999618530273,19.75,18.850000381469727,19.200000762939453,13.245964050292969,21469600,-0.03580956557697263
2002-04-19,19.434999465942383,19.434999465942383,18.6299991607666,18.6299991607666,12.8527250289917,14485000,-0.03013705268264513
2002-04-22,18.0,18.024999618530273,17.260000228881836,17.514999389648438,12.083492279052734,28149000,-0.061715606697139644
2002-04-23,17.344999313354492,17.655000686645508,15.875,16.125,11.124541282653809,51037600,-0.08268665249224419
2002-04-24,16.815000534057617,16.94499969482422,15.645000457763672,16.645000457763672,11.483284950256348,61125800,0.0317389012700029
2002-04-25,15.914999961853027,16.600000381469727,15.899999618530273,16.200000762939453,11.176283836364746,34710400,-0.027098476865544504
2002-04-26,16.31999969482422,16.725000381469727,15.295000076293945,15.324999809265137,10.572628021240234,27146800,-0.0555256194055141
2002-04-29,15.335000038146973,15.770000457763672,14.279999732971191,14.609999656677246,10.079352378845215,34277600,-0.0477793867324737
2002-04-30,14.720000267028809,15.375,14.625,15.079999923706055,10.403603553771973,29371800,0.031663229237814505
2002-05-01,14.880000114440918,15.199999809265137,14.375,14.890000343322754,10.27252197265625,26505600,-0.01267968093500049
2002-05-02,14.845000267028809,14.850000381469727,14.125,14.21500015258789,9.806845664978027,25236800,-0.04639188169600114
2002-05-03,14.145000457763672,14.204999923706055,13.104999542236328,13.420000076293945,9.25837516784668,40977600,-0.057552113628926364
2002-05-06,13.324999809265137,13.725000381469727,13.145000457763672,13.225000381469727,9.123849868774414,21685600,-0.014636715680198203
2002-05-07,13.385000228881836,13.604999542236328,12.3149995803833,12.399999618530273,8.5546875,41761600,-0.06441247141549232
2002-05-08,13.3149995803833,14.774999618530273,12.9399995803833,14.71500015258789,10.151790618896484,44238200,0.17117072725222662
2002-05-09,14.46500015258789,14.635000228881836,13.545000076293945,14.170000076293945,9.775798797607422,38446000,-0.03774028462523814
2002-05-10,14.289999961853027,14.515000343322754,13.260000228881836,13.399999618530273,9.244579315185547,37510600,-0.055872461190401124
2002-05-13,14.300000190734863,14.625,13.619999885559082,14.545000076293945,10.034509658813477,34209600,0.08199275818907992
2002-05-14,15.265000343322754,15.619999885559082,14.975000381469727,15.34000015258789,10.582972526550293,36657600,0.053216226153294854
2002-05-15,15.050000190734863,16.6200008392334,14.90999984741211,16.03499984741211,11.06244945526123,43400200,0.04431009719772963
2002-05-16,15.920000076293945,16.274999618530273,15.625,16.170000076293945,11.155584335327148,28697800,0.008383768470409085
2002-05-17,16.75,16.979999542236328,15.71500015258789,16.2450008392334,11.20732593536377,31691000,0.00462745606366659
2002-05-20,15.920000076293945,16.174999237060547,15.6899995803833,15.944999694824219,11.000360488891602,19849600,-0.01863962186294355
2002-05-21,16.334999084472656,16.729999542236328,16.139999389648438,16.309999465942383,11.252168655395508,33245600,0.022632835462483472
2002-05-22,16.079999923706055,16.30500030517578,15.140000343322754,15.6850004196167,10.820990562438965,29454200,-0.03907306100455228
2002-05-23,15.545000076293945,16.1200008392334,15.329999923706055,15.835000038146973,10.924471855163574,24982800,0.009517578599575471
2002-05-24,15.609999656677246,15.729999542236328,15.425000190734863,15.505000114440918,10.696805953979492,11827800,-0.021060209105005542
2002-05-28,15.710000038146973,15.90999984741211,15.204999923706055,15.704999923706055,10.834785461425781,20174000,0.01281664634651644
2002-05-29,15.225000381469727,15.699999809265137,15.204999923706055,15.569999694824219,10.741649627685547,20171800,-0.008633160373093748
2002-05-30,15.255000114440918,15.755000114440918,15.149999618530273,15.59000015258789,10.755450248718262,19351600,0.0012839520686937906
2002-05-31,15.875,16.475000381469727,15.739999771118164,15.819999694824219,10.91412353515625,30388000,0.014645061689012204
2002-06-03,16.229999542236328,16.55500030517578,15.510000228881836,15.585000038146973,10.751995086669922,25463200,-0.014966360850691675
2002-06-04,15.319999694824219,16.325000762939453,15.319999694824219,16.219999313354492,11.190080642700195,29882800,0.03993640216174057
2002-06-05,16.19499969482422,16.434999465942383,15.819999694824219,16.420000076293945,11.328060150146484,22340600,0.012255117828406149
2002-06-06,16.15999984741211,16.225000381469727,15.25,15.380000114440918,10.610568046569824,31421000,-0.06543235681840404
2002-06-07,14.425000190734863,15.675000190734863,14.354999542236328,15.4350004196167,10.648513793945312,37571600,0.003569842569667231
2002-06-10,15.380000114440918,16.149999618530273,14.899999618530273,15.744999885559082,10.862381935119629,33652400,0.01988528894541993
2002-06-11,15.854999542236328,16.290000915527344,15.505000114440918,15.654999732971191,10.800289154052734,30480400,-0.005732714203404913
2002-06-12,15.300000190734863,16.584999084472656,15.154999732971191,16.5,11.38325309753418,46934000,0.05257034149580887
2002-06-13,16.280000686645508,17.0,16.18000030517578,16.19499969482422,11.172831535339355,42372200,-0.018658173175362603
2002-06-14,14.180000305175781,15.175000190734863,13.850000381469727,14.954999923706055,10.317365646362305,83128200,-0.07965661497368015
2002-06-17,15.029999732971191,15.095000267028809,14.454999923706055,14.609999656677246,10.079352378845215,42778400,-0.02333944819314905
2002-06-18,14.510000228881836,14.835000038146973,14.385000228881836,14.4399995803833,9.96207046508789,26764400,-0.011704084435050464
2002-06-19,14.395000457763672,14.6899995803833,13.984999656677246,14.0649995803833,9.703357696533203,30120400,-0.026312948120198146
2002-06-20,13.8149995803833,13.949999809265137,13.104999542236328,13.164999961853027,9.0824556350708,43284200,-0.06612737945277235
2002-06-21,13.600000381469727,13.875,12.869999885559082,13.0600004196167,9.010017395019531,59071600,-0.008007598187586075
2002-06-24,12.920000076293945,13.854999542236328,12.675000190734863,13.399999618530273,9.244579315185547,42759400,0.02570035751439034
2002-06-25,13.699999809265137,13.774999618530273,13.0,13.180000305175781,9.092804908752441,35010800,-0.01655392835651753
2002-06-26,12.4399995803833,13.649999618530273,12.244999885559082,13.539999961853027,9.341161727905273,43684000,0.026947195097603273
2002-06-27,13.805000305175781,13.949999809265137,13.024999618530273,13.729999542236328,9.47224235534668,33418400,0.013935037807635747
2002-06-28,13.779999732971191,14.024999618530273,13.539999961853027,13.744999885559082,9.482595443725586,21931600,0.0010923954631746322
2002-07-01,13.625,13.994999885559082,13.204999923706055,13.21500015258789,9.116948127746582,23074000,-0.03932294681155827
2002-07-02,12.75,12.854999542236328,12.119999885559082,12.399999618530273,8.5546875,37663800,-0.06365573463692532
2002-07-03,12.260000228881836,13.319999694824219,12.260000228881836,13.1899995803833,9.099700927734375,26193400,0.06176216956761695
2002-07-05,13.600000381469727,14.3100004196167,13.149999618530273,14.270000457763672,9.844789505004883,14726600,0.07870078306039692
2002-07-08,14.199999809265137,14.449999809265137,13.430000305175781,13.579999923706055,9.368760108947754,27555200,-0.04956156908371077
2002-07-09,13.720000267028809,14.140000343322754,13.625,13.765000343322754,9.496392250061035,23528600,0.013531201451450665
2002-07-10,13.920000076293945,13.949999809265137,13.199999809265137,13.204999923706055,9.110050201416016,23689800,-0.04153374148651782
2002-07-11,13.079999923706055,14.039999961853027,13.045000076293945,13.954999923706055,9.627469062805176,30485400,0.05524215144219051
2002-07-12,14.045000076293945,14.385000228881836,13.640000343322754,14.055000305175781,9.696459770202637,29567800,0.007140473464325801
2002-07-15,13.84000015258789,14.744999885559082,13.444999694824219,14.6899995803833,10.134542465209961,31238000,0.044188788103666866
2002-07-16,14.380000114440918,15.199999809265137,14.369999885559082,14.920000076293945,10.293221473693848,36736400,0.015535934386059082
2002-07-17,15.550000190734863,15.694999694824219,14.789999961853027,14.984999656677246,10.33806037902832,41099800,0.004346698014460167
2002-07-18,15.079999923706055,15.600000381469727,15.005000114440918,15.1850004196167,10.47603988647461,33492400,0.013258466801824298
2002-07-19,14.949999809265137,15.395000457763672,14.779999732971191,14.994999885559082,10.344961166381836,26307000,-0.01259117671614434
2002-07-22,14.890000343322754,15.385000228881836,14.420000076293945,14.734999656677246,10.165590286254883,37770000,-0.01749104147946524
2002-07-23,14.670000076293945,14.875,13.979999542236328,14.010000228881836,9.665417671203613,32794600,-0.05045418931385474
2002-07-24,13.90999984741211,14.59000015258789,13.460000038146973,14.550000190734863,10.037956237792969,42608800,0.03781920502593833
2002-07-25,13.385000228881836,13.680000305175781,12.600000381469727,12.824999809265137,8.847887992858887,60369200,-0.12619474590430396
2002-07-26,13.800000190734863,13.829999923706055,12.770000457763672,12.994999885559082,8.965173721313477,46448200,0.013168698930421057
2002-07-29,13.574999809265137,14.130000114440918,13.350000381469727,14.0649995803833,9.703357696533203,32944400,0.0791244952982016
2002-07-30,13.9399995803833,13.96500015258789,13.3100004196167,13.789999961853027,9.513639450073242,36436800,-0.019745479377539486
2002-07-31,13.6899995803833,13.75,13.375,13.739999771118164,9.479144096374512,19353000,-0.003632473517584945
2002-08-01,12.875,13.180000305175781,12.524999618530273,12.805000305175781,8.834092140197754,39902600,-0.07047568369987413
2002-08-02,12.729999542236328,12.890000343322754,12.444999694824219,12.774999618530273,8.813396453857422,23451000,-0.002345455073400701
2002-08-05,12.630000114440918,12.765000343322754,11.604999542236328,11.875,8.192493438720703,29918800,-0.07305458752316023
2002-08-06,12.074999809265137,13.045000076293945,12.050000190734863,12.59000015258789,8.685768127441406,30236600,0.058467538078671645
2002-08-07,12.960000038146973,13.0,11.680000305175781,12.505000114440918,8.627124786376953,30726600,-0.006774554159205528
2002-08-08,12.319999694824219,13.085000038146973,12.164999961853027,13.020000457763672,8.982420921325684,25655600,0.04035815170778577
2002-08-09,12.729999542236328,13.300000190734863,12.550000190734863,12.949999809265137,8.934127807617188,21595600,-0.005390907746405414
2002-08-12,12.645000457763672,13.010000228881836,12.550000190734863,12.90999984741211,8.906530380249023,18501000,-0.00309377031830943
2002-08-13,12.885000228881836,13.675000190734863,12.824999809265137,13.15999984741211,9.079002380371094,33673600,0.019179558309350486
2002-08-14,13.100000381469727,14.015000343322754,12.8100004196167,13.875,9.572278022766113,31037000,0.05290689847106295
2002-08-15,13.90999984741211,14.329999923706055,13.600000381469727,14.234999656677246,9.820642471313477,30105600,0.025615329958676367
2002-08-16,14.109999656677246,14.645000457763672,13.899999618530273,14.545000076293945,10.034509658813477,19193400,0.02154357295304443
2002-08-19,14.494999885559082,15.0649995803833,14.390000343322754,14.949999809265137,10.313911437988281,19819800,0.027463491052769025
2002-08-20,14.765000343322754,14.829999923706055,14.470000267028809,14.645000457763672,10.10350227355957,19372000,-0.02061148551110351
2002-08-21,14.479999542236328,14.795000076293945,13.975000381469727,14.614999771118164,10.082799911499023,28561800,-0.002051130427841095
2002-08-22,14.765000343322754,15.34000015258789,14.609999656677246,15.125,10.434646606445312,22731400,0.03430068070843762
2002-08-23,14.890000343322754,15.095000267028809,14.505000114440918,14.739999771118164,10.169038772583008,17544000,-0.025783984155566212
2002-08-26,14.944999694824219,15.114999771118164,14.425000190734863,14.949999809265137,10.313911437988281,16346400,0.014145919386073322
2002-08-27,15.074999809265137,15.119999885559082,14.015000343322754,14.289999961853027,9.858580589294434,19649400,-0.045151407218612945
2002-08-28,14.149999618530273,14.420000076293945,13.600000381469727,13.654999732971191,9.420504570007324,18235800,-0.04545355094197414
2002-08-29,13.5,14.399999618530273,13.399999618530273,14.1899995803833,9.789597511291504,22263600,0.03843169262082524
2002-08-30,14.010000228881836,14.265000343322754,13.779999732971191,13.854999542236328,9.55848217010498,14370200,-0.023891397828922092
2002-09-03,13.694999694824219,13.800000190734863,13.175000190734863,13.444999694824219,9.27562141418457,20643600,-0.030039340557643197
2002-09-04,13.404999732971191,13.819999694824219,13.125,13.5600004196167,9.354963302612305,26485000,0.008517431878697648
2002-09-05,13.335000038146973,13.6850004196167,13.125,13.380000114440918,9.230781555175781,21889600,-0.013363316498129812
2002-09-06,13.625,14.699999809265137,13.625,14.229999542236328,9.817191123962402,36641000,0.061591324730166624
2002-09-09,14.25,15.045000076293945,14.180000305175781,14.930000305175781,10.300117492675781,34339400,0.048020257032603646
2002-09-10,14.725000381469727,15.020000457763672,14.475000381469727,14.78499984741211,10.20008373260498,32763200,-0.009759372890980472
2002-09-11,14.954999923706055,15.53499984741211,14.539999961853027,14.604999542236328,10.075902938842773,28566000,-0.0122492037971235
2002-09-12,14.515000343322754,14.625,14.005000114440918,14.079999923706055,9.713709831237793,29638800,-0.03660845325324824
2002-09-13,14.024999618530273,14.425000190734863,13.949999809265137,14.289999961853027,9.858580589294434,22273400,0.014803929505728317
2002-09-16,14.09000015258789,14.225000381469727,13.555000305175781,13.664999961853027,9.42740249633789,26239000,-0.04472159416669345
2002-09-17,13.949999809265137,14.024999618530273,13.399999618530273,13.479999542236328,9.299771308898926,27689800,-0.013630798208229218
2002-09-18,13.34000015258789,13.885000228881836,12.914999961853027,12.994999885559082,8.965173721313477,29700800,-0.0366423248205469
2002-09-19,12.649999618530273,13.875,12.550000190734863,12.859999656677246,8.872031211853027,36628400,-0.010443716535760927
2002-09-20,13.595000267028809,14.055000305175781,13.375,14.039999961853027,9.686113357543945,65288800,0.08778947908898328
2002-09-23,13.729999542236328,13.949999809265137,13.619999885559082,13.720000267028809,9.465347290039062,26904600,-0.023055771133039395
2002-09-24,13.505000114440918,14.050000190734863,13.489999771118164,13.770000457763672,9.499842643737793,29343200,0.0036377586367184796
2002-09-25,14.119999885559082,14.395000457763672,13.899999618530273,14.175000190734863,9.779250144958496,34427000,0.028987574160383923
2002-09-26,14.475000381469727,14.725000381469727,14.005000114440918,14.395000457763672,9.931025505065918,34016600,0.015400937332661143
2002-09-27,14.25,14.720000267028809,14.220000267028809,14.305000305175781,9.86893367767334,22914200,-0.006271935246174302
2002-09-30,14.0,14.1899995803833,13.755000114440918,13.8100004196167,9.527436256408691,24364000,-0.03521614764013767
2002-10-01,14.100000381469727,14.899999618530273,13.925000190734863,14.885000228881836,10.269075393676758,33711000,0.07496132680157122
2002-10-02,14.720000267028809,15.03499984741211,14.210000038146973,14.395000457763672,9.931025505065918,42211200,-0.033473243915259174
2002-10-03,14.505000114440918,14.925000190734863,14.454999923706055,14.550000190734863,10.037956237792969,30012600,0.010709785423936507
2002-10-04,14.789999961853027,14.9350004196167,14.430000305175781,14.630000114440918,10.09315013885498,30755400,0.005483458119810526
2002-10-07,14.520000457763672,14.970000267028809,14.345000267028809,14.744999885559082,10.172486305236816,30279800,0.007829664950324045
2002-10-08,14.875,14.970000267028809,13.664999961853027,14.350000381469727,9.899979591369629,45208000,-0.027153958978751273
2002-10-09,14.03499984741211,14.399999618530273,13.899999618530273,13.954999923706055,9.627469062805176,31630600,-0.027912322378193574
2002-10-10,14.09000015258789,14.975000381469727,14.010000228881836,14.954999923706055,10.317365646362305,37961800,0.06920808735952641
2002-10-11,15.194999694824219,15.880000114440918,15.149999618530273,15.6850004196167,10.820990562438965,43647400,0.04765935779480216
2002-10-14,15.4399995803833,16.450000762939453,15.329999923706055,16.375,11.297015190124512,33496200,0.04305072992293251
2002-10-15,16.979999542236328,17.704999923706055,16.94499969482422,17.670000076293945,12.190423011779785,52726200,0.07611209607201329
2002-10-16,17.0049991607666,17.450000762939453,16.809999465942383,17.079999923706055,11.783395767211914,34709000,-0.03395924228084703
2002-10-17,17.809999465942383,18.200000762939453,17.709999084472656,17.9950008392334,12.414644241333008,40691400,0.052185360847606915
2002-10-18,17.4950008392334,18.125,17.260000228881836,18.100000381469727,12.487080574035645,34668200,0.005817792747335421
2002-10-21,17.969999313354492,18.524999618530273,17.479999542236328,18.44499969482422,12.725095748901367,33349000,0.018881531134117488
2002-10-22,18.084999084472656,18.549999237060547,17.924999237060547,18.479999542236328,12.749241828918457,25275600,0.0018957185579074696
2002-10-23,18.25,18.395000457763672,17.639999389648438,18.260000228881836,12.597466468811035,37240000,-0.011976085602326788
2002-10-24,17.690000534057617,18.25,17.584999084472656,17.69499969482422,12.207671165466309,31911400,-0.031431181643517554
2002-10-25,17.80500030517578,18.325000762939453,17.770000457763672,18.260000228881836,12.597466468811035,27650400,0.031431181643517624
2002-10-28,18.125,18.299999237060547,17.545000076293945,17.69499969482422,12.207671165466309,29605200,-0.031431181643517554
2002-10-29,16.875,17.075000762939453,16.020000457763672,16.844999313354492,11.621264457702637,56098000,-0.04922797533014466
2002-10-30,16.950000762939453,17.05500030517578,16.510000228881836,16.81999969482422,11.60401725769043,36887600,-0.0014852093846651284
2002-10-31,17.010000228881836,17.594999313354492,16.975000381469727,17.260000228881836,11.907571792602539,34936800,0.02582312938945094
2002-11-01,17.024999618530273,17.9950008392334,16.75,17.834999084472656,12.304262161254883,27855400,0.03277123666375289
2002-11-04,17.969999313354492,18.325000762939453,17.649999618530273,17.850000381469727,12.314610481262207,34441400,0.0008406819245591877
2002-11-05,17.649999618530273,17.850000381469727,17.639999389648438,17.815000534057617,12.290456771850586,27863400,-0.001963312428429133
2002-11-06,18.0049991607666,18.0049991607666,17.30500030517578,17.924999237060547,12.366350173950195,27287200,0.0061559991883547134
2002-11-07,17.6200008392334,17.69499969482422,17.200000762939453,17.469999313354492,12.052450180053711,30577600,-0.02571111450353042
2002-11-08,18.045000076293945,18.079999923706055,17.31999969482422,17.3700008392334,11.9834623336792,49730800,-0.005740413290121528
2002-11-11,17.174999237060547,17.235000610351562,16.450000762939453,16.489999771118164,11.37635612487793,34366600,-0.05199038292079702
2002-11-12,16.719999313354492,17.520000457763672,16.700000762939453,17.239999771118164,11.893773078918457,32656800,0.04447781498409212
2002-11-13,17.09000015258789,17.760000228881836,16.875,17.565000534057617,12.117986679077148,36637200,0.0186758587702694
2002-11-14,17.8700008392334,19.110000610351562,17.860000610351562,19.100000381469727,13.17697811126709,46916000,0.08378037317524561
2002-11-15,18.760000228881836,19.905000686645508,18.7450008392334,19.719999313354492,13.604708671569824,58749600,0.03194473424039206
2002-11-18,19.954999923706055,20.0,19.15999984741211,19.19499969482422,13.242512702941895,35818800,-0.02698364497873424
2002-11-19,19.0,19.030000686645508,18.350000381469727,18.5049991607666,12.766488075256348,36166600,-0.036608695154324813
2002-11-20,18.56999969482422,19.719999313354492,18.549999237060547,19.575000762939453,13.50467300415039,37288400,0.056212155467082525
2002-11-21,19.864999771118164,20.385000228881836,19.78499984741211,20.31999969482422,14.018651962280273,44574800,0.03735295192931328
2002-11-22,20.049999237060547,20.34000015258789,19.924999237060547,20.34000015258789,14.03243637084961,32546400,0.0009828074772127867
2002-11-25,20.329999923706055,21.0,20.040000915527344,20.950000762939453,14.453286170959473,30382800,0.02955027196764583
2002-11-26,20.55500030517578,20.84000015258789,20.104999542236328,20.165000915527344,13.911710739135742,27549800,-0.03819082072679579
2002-11-27,20.6200008392334,20.989999771118164,20.299999237060547,20.854999542236328,14.387742042541504,21725800,0.03364561236792845
2002-11-29,20.875,20.934999465942383,20.475000381469727,20.610000610351562,14.218721389770508,8551200,-0.011817093018526396
2002-12-02,21.0,21.44499969482422,20.725000381469727,21.344999313354492,14.725783348083496,29784200,0.03504042263308111
2002-12-03,20.899999618530273,20.915000915527344,20.264999389648438,20.405000686645508,14.077287673950195,26763600,-0.045037231254536354
2002-12-04,20.049999237060547,20.25,19.614999771118164,19.989999771118164,13.790979385375977,30910200,-0.0205479846768495
2002-12-05,20.225000381469727,20.2450008392334,19.43000030517578,19.790000915527344,13.653002738952637,24688600,-0.010055232388511746
2002-12-06,20.15999984741211,21.040000915527344,20.149999618530273,20.739999771118164,14.308405876159668,41959600,0.046887709758592744
2002-12-09,20.350000381469727,20.360000610351562,19.540000915527344,19.594999313354492,13.518474578857422,30479200,-0.05678995083118236
2002-12-10,19.485000610351562,20.065000534057617,19.290000915527344,19.80500030517578,13.663352012634277,26046000,0.010659975716976506
2002-12-11,19.579999923706055,20.104999542236328,19.450000762939453,19.770000457763672,13.639204978942871,21406600,-0.0017688482433964269
2002-12-12,19.594999313354492,19.719999313354492,19.03499984741211,19.2549991607666,13.283912658691406,26806000,-0.026394636147848503
2002-12-13,18.94499969482422,19.139999389648438,18.604999542236328,18.80500030517578,12.973462104797363,25384200,-0.02364783410911585
2002-12-16,18.950000762939453,19.69499969482422,18.875,19.69499969482422,13.587461471557617,24684600,0.04624152240497044
2002-12-17,19.645000457763672,19.96500015258789,19.399999618530273,19.770000457763672,13.639204978942871,21147000,0.003800947851993963
2002-12-18,19.46500015258789,19.549999237060547,18.875,19.174999237060547,13.228720664978027,26603800,-0.030558090812349774
2002-12-19,19.2549991607666,19.6200008392334,18.549999237060547,18.81999969482422,12.983806610107422,28300400,-0.018687338278896452
2002-12-20,18.774999618530273,19.25,17.915000915527344,18.84000015258789,12.997607231140137,31139200,0.0010623457533884316
2002-12-23,18.8799991607666,19.545000076293945,18.854999542236328,19.4950008392334,13.449480056762695,19391800,0.03417516643335822
2002-12-24,19.299999237060547,19.594999313354492,19.19499969482422,19.229999542236328,13.266658782958984,7738400,-0.013686418438082734
2002-12-26,19.350000381469727,19.795000076293945,18.674999237060547,19.03499984741211,13.132137298583984,14171200,-0.010191574519741722
2002-12-27,18.850000381469727,19.094999313354492,18.510000228881836,18.635000228881836,12.856176376342773,12862800,-0.02123810713244576
2002-12-30,18.610000610351562,18.889999389648438,18.174999237060547,18.399999618530273,12.694046974182129,17673400,-0.01269120634039667
2002-12-31,18.299999237060547,18.454999923706055,17.915000915527344,18.19499969482422,12.552620887756348,14221000,-0.01120366192774401
2003-01-02,18.309999465942383,18.584999084472656,18.059999465942383,18.56999969482422,12.811333656311035,31695600,0.020400741599981755
2003-01-03,18.219999313354492,18.25,17.700000762939453,17.850000381469727,12.314610481262207,32266000,-0.03954381959752271
2003-01-06,17.809999465942383,18.75,17.790000915527344,18.684999465942383,12.890671730041504,29093200,0.04571752663189569
2003-01-07,18.725000381469727,18.959999084472656,18.34000015258789,18.6299991607666,12.8527250289917,28619800,-0.0029480747151085533
2003-01-08,18.549999237060547,18.600000381469727,18.049999237060547,18.309999465942383,12.6319580078125,24328000,-0.01732590069458697
2003-01-09,18.635000228881836,19.475000381469727,18.53499984741211,19.34000015258789,13.342546463012695,34328800,0.05472795887463429
2003-01-10,18.9950008392334,19.479999542236328,18.875,19.225000381469727,13.263216018676758,28336800,-0.0059634208558189935
2003-01-13,19.549999237060547,19.7549991607666,18.979999542236328,19.350000381469727,13.349445343017578,30118800,0.006480345947707145
2003-01-14,19.354999542236328,19.770000457763672,19.350000381469727,19.65999984741211,13.563312530517578,23115200,0.015893702946749716
2003-01-15,19.75,19.799999237060547,19.020000457763672,19.184999465942383,13.235614776611328,21804400,-0.02445725416947577
2003-01-16,19.114999771118164,19.954999923706055,18.924999237060547,19.19499969482422,13.242512702941895,29799800,0.0005210282707447761
2003-01-17,18.8700008392334,18.8700008392334,18.364999771118164,18.399999618530273,12.694046974182129,24722600,-0.04229917231145641
2003-01-21,18.489999771118164,18.899999618530273,18.44499969482422,18.479999542236328,12.749241828918457,24266400,0.004338664057606452
2003-01-22,18.450000762939453,18.8799991607666,18.30500030517578,18.344999313354492,12.65610408782959,29224800,-0.0073321700602978135
2003-01-23,18.975000381469727,19.524999618530273,18.864999771118164,18.96500015258789,13.083846092224121,47293800,0.03323871117717645
2003-01-24,18.920000076293945,18.950000762939453,18.364999771118164,18.399999618530273,12.694046974182129,24940600,-0.030245205174485063
2003-01-27,18.03499984741211,18.645000457763672,18.024999618530273,18.190000534057617,12.549168586730957,25805400,-0.011478726066152753
2003-01-28,18.469999313354492,18.584999084472656,18.190000534057617,18.545000076293945,12.794085502624512,21826400,0.019328578716776432
2003-01-29,18.344999313354492,19.125,18.125,19.0049991607666,13.11143684387207,29270800,0.024501896814156054
2003-01-30,19.09000015258789,19.225000381469727,18.655000686645508,18.770000457763672,12.949310302734375,27340400,-0.012442362593825007
2003-01-31,18.475000381469727,19.149999618530273,18.424999237060547,18.829999923706055,12.990708351135254,28501200,0.003191831440021581
2003-02-03,18.844999313354492,18.954999923706055,18.459999084472656,18.670000076293945,12.88032341003418,23488600,-0.008533529855501992
2003-02-04,18.3799991607666,18.520000457763672,18.094999313354492,18.299999237060547,12.625061988830566,22234400,-0.02001694467992241
2003-02-05,18.46500015258789,18.7450008392334,18.049999237060547,18.139999389648438,12.514679908752441,21304200,-0.008781537206975689
2003-02-06,18.100000381469727,18.424999237060547,18.075000762939453,18.290000915527344,12.618162155151367,20487600,0.008234869015014405
2003-02-07,18.354999542236328,18.469999313354492,18.05500030517578,18.1200008392334,12.500877380371094,21921800,-0.009338384689079784
2003-02-10,18.25,18.834999084472656,18.21500015258789,18.809999465942383,12.976909637451172,28098400,0.03737276417118716
2003-02-11,19.225000381469727,19.3799991607666,18.614999771118164,18.825000762939453,12.98725700378418,40392400,0.0007970497974213154
2003-02-12,18.7450008392334,19.125,18.18000030517578,18.280000686645508,12.611265182495117,39986200,-0.029378169618558624
2003-02-13,18.280000686645508,18.299999237060547,16.520000457763672,16.954999923706055,11.697151184082031,80449000,-0.0752451530091941
2003-02-14,17.045000076293945,17.350000381469727,16.315000534057617,17.350000381469727,11.969660758972168,55750000,0.023029854614706385
2003-02-18,17.4950008392334,17.780000686645508,17.360000610351562,17.69499969482422,12.207671165466309,30112000,0.019689359961688878
2003-02-19,17.584999084472656,17.774999618530273,17.399999618530273,17.770000457763672,12.259416580200195,21300400,0.0042298039244306656
2003-02-20,17.5,17.69499969482422,17.219999313354492,17.350000381469727,11.969660758972168,29254600,-0.023919163886119504
2003-02-21,17.309999465942383,17.764999389648438,17.1299991607666,17.610000610351562,12.149032592773438,32724600,0.014874366392330224
2003-02-24,17.475000381469727,17.81999969482422,17.350000381469727,17.59000015258789,12.135238647460938,21076200,-0.001136039592011245
2003-02-25,17.389999389648438,17.450000762939453,17.0,17.385000228881836,11.99380874633789,25100200,-0.011722926189473296
2003-02-26,17.309999465942383,17.3700008392334,16.704999923706055,16.735000610351562,11.545381546020508,27003200,-0.038105087986511355
2003-02-27,16.7549991607666,17.15999984741211,16.6200008392334,17.110000610351562,11.804086685180664,28854200,0.022160309911478805
2003-02-28,17.170000076293945,17.645000457763672,17.045000076293945,17.290000915527344,11.928269386291504,26790400,0.010465360805137245
2003-03-03,17.459999084472656,17.7549991607666,16.954999923706055,17.0049991607666,11.731646537780762,24348200,-0.0166211389544759
2003-03-04,16.950000762939453,17.354999542236328,16.719999313354492,17.225000381469727,11.883423805236816,24821000,0.012854448890378874
2003-03-05,17.229999542236328,17.9950008392334,17.229999542236328,17.7450008392334,12.242170333862305,34173000,0.029742104716664487
2003-03-06,17.405000686645508,17.674999237060547,17.30500030517578,17.489999771118164,12.066247940063477,26919800,-0.014474447761983306
2003-03-07,17.200000762939453,17.69499969482422,17.100000381469727,17.59000015258789,12.135238647460938,23433800,0.005701376568784542
2003-03-10,17.635000228881836,17.635000228881836,17.010000228881836,17.1200008392334,11.810985565185547,27088000,-0.027083426551695978
2003-03-11,17.19499969482422,17.485000610351562,17.065000534057617,17.264999389648438,11.911018371582031,23180000,0.008433806823349533
2003-03-12,17.1200008392334,17.600000381469727,17.024999618530273,17.559999465942383,12.132108688354492,24237200,0.018391663299859203
2003-03-13,17.93000030517578,18.850000381469727,17.875,18.844999313354492,13.019906997680664,42897400,0.07062394511752812
2003-03-14,18.920000076293945,18.959999084472656,18.454999923706055,18.739999771118164,12.947356224060059,38321000,-0.005587878998295499
2003-03-17,18.434999465942383,19.975000381469727,18.43000030517578,19.510000228881836,13.479351043701172,41681200,0.04026734744528643
2003-03-18,19.489999771118164,19.65999984741211,19.155000686645508,19.625,13.558806419372559,24989000,0.00587729430128234
2003-03-19,19.549999237060547,19.665000915527344,19.18000030517578,19.559999465942383,13.513895034790039,25721800,-0.0033178385140070947
2003-03-20,18.979999542236328,19.5,18.795000076293945,19.30500030517578,13.337717056274414,34740200,-0.013122527323535242
2003-03-21,19.75,19.770000457763672,19.399999618530273,19.604999542236328,13.544990539550781,30202000,0.015420886460587858
2003-03-24,19.0,19.399999618530273,18.850000381469727,19.059999465942383,13.16844654083252,23169800,-0.02819322267162645
2003-03-25,19.049999237060547,19.485000610351562,18.8799991607666,19.3799991607666,13.389531135559082,23284800,0.016649588655676253
2003-03-26,19.334999084472656,19.375,19.075000762939453,19.21500015258789,13.275538444519043,18200000,-0.008550015977170337
2003-03-27,18.950000762939453,19.0049991607666,18.735000610351562,18.799999237060547,12.988816261291504,24235800,-0.02183442748899502
2003-03-28,18.75,18.885000228881836,18.450000762939453,18.75,12.954272270202637,18536800,-0.002663060835036646
2003-03-31,18.375,18.44499969482422,17.985000610351562,18.0,12.436100006103516,24372600,-0.0408221049480371
2003-04-01,18.25,18.31999969482422,17.895000457763672,17.975000381469727,12.418830871582031,22588200,-0.0013895944740559222
2003-04-02,18.149999618530273,18.184999465942383,16.905000686645508,17.09000015258789,11.807385444641113,62289800,-0.05048871852542514
2003-04-03,17.274999618530273,17.65999984741211,17.0,17.15999984741211,11.855749130249023,38932000,0.0040876877742464825
2003-04-04,17.385000228881836,17.424999237060547,16.985000610351562,17.145000457763672,11.84538459777832,24924200,-0.0008746023080849514
2003-04-07,17.905000686645508,18.125,17.065000534057617,17.094999313354492,11.810840606689453,27801400,-0.0029205010810787646
2003-04-08,16.670000076293945,16.975000381469727,16.094999313354492,16.200000762939453,11.192490577697754,47752200,-0.05377473591945347
2003-04-09,16.25,16.375,15.5600004196167,16.110000610351562,11.130311012268066,48647800,-0.005570960794865998
2003-04-10,16.030000686645508,16.31999969482422,15.899999618530273,16.155000686645508,11.161401748657227,21925600,0.002789445286897874
2003-04-11,16.424999237060547,16.46500015258789,15.680000305175781,15.9399995803833,11.012858390808105,18284200,-0.0133980190504528
2003-04-14,15.914999961853027,16.649999618530273,15.824999809265137,16.530000686645508,11.420489311218262,27603800,0.03634551544322196
2003-04-15,16.375,16.7450008392334,16.329999923706055,16.540000915527344,11.427397727966309,22564600,0.000604731365025914
2003-04-16,16.739999771118164,16.844999313354492,16.309999465942383,16.360000610351562,11.303037643432617,23756200,-0.010942273945641205
2003-04-17,16.024999618530273,16.59000015258789,15.920000076293945,16.469999313354492,11.379030227661133,31396200,0.006700700217916614
2003-04-21,16.514999389648438,16.80500030517578,16.30500030517578,16.440000534057617,11.358304023742676,25597400,-0.0018230993510421636
2003-04-22,16.270000457763672,16.635000228881836,16.235000610351562,16.604999542236328,11.472301483154297,32525000,0.009986454961317665
2003-04-23,16.854999542236328,16.899999618530273,16.40999984741211,16.489999771118164,11.39284610748291,39451000,-0.006949939437305994
2003-04-24,16.700000762939453,16.950000762939453,16.165000915527344,16.315000534057617,11.27194595336914,51229200,-0.010668644170626733
2003-04-25,16.149999618530273,16.184999465942383,15.369999885559082,15.5600004196167,10.750324249267578,40181600,-0.047381062975003614
2003-04-28,15.510000228881836,15.720000267028809,15.329999923706055,15.529999732971191,10.72959041595459,30257200,-0.0019305327861536287
2003-04-29,15.694999694824219,16.100000381469727,15.524999618530273,15.944999694824219,11.016310691833496,26608800,0.02637158066202837
2003-04-30,15.850000381469727,16.219999313354492,15.760000228881836,15.9399995803833,11.012858390808105,25550200,-0.00031342998373674066
2003-05-01,15.970000267028809,16.280000686645508,15.725000381469727,16.104999542236328,11.12685489654541,21863600,0.010298011694278414
2003-05-02,16.100000381469727,16.125,15.71500015258789,16.05500030517578,11.092309951782227,25309800,-0.0031094753410498967
2003-05-05,16.030000686645508,16.485000610351562,15.925000190734863,16.239999771118164,11.220123291015625,21879000,0.01145681745152541
2003-05-06,15.994999885559082,16.485000610351562,15.930000305175781,16.415000915527344,11.341036796569824,23542600,0.010718833850997056
2003-05-07,16.385000228881836,16.5,15.795000076293945,15.970000267028809,11.033584594726562,31032800,-0.027483955997690084
2003-05-08,15.649999618530273,15.71500015258789,15.0600004196167,15.194999694824219,10.49814224243164,49770400,-0.04974545417413106
2003-05-09,15.444999694824219,15.619999885559082,15.25,15.555000305175781,10.746864318847656,30747800,0.02341570853609401
2003-05-12,15.3100004196167,15.609999656677246,15.244999885559082,15.5600004196167,10.750324249267578,29087200,0.0003218960878380564
2003-05-13,15.4399995803833,15.755000114440918,15.399999618530273,15.6850004196167,10.836679458618164,28375600,0.008000709237968915
2003-05-14,15.704999923706055,15.774999618530273,15.28499984741211,15.420000076293945,10.653595924377441,22461400,-0.017039145431844295
2003-05-15,14.960000038146973,15.234999656677246,14.789999961853027,15.114999771118164,10.44286823272705,47250600,-0.01997820099017392
2003-05-16,14.994999885559082,15.524999618530273,14.979999542236328,15.149999618530273,10.46705436706543,33473400,0.002313365342150755
2003-05-19,15.550000190734863,15.645000457763672,15.135000228881836,15.135000228881836,10.456686973571777,36322400,-0.0009909694612725065
2003-05-20,15.175000190734863,15.614999771118164,15.140000343322754,15.479999542236328,10.695046424865723,30666600,0.022539007787676167
2003-05-21,15.350000381469727,15.875,15.34000015258789,15.6899995803833,10.840134620666504,24132400,0.013474731489203511
2003-05-22,15.800000190734863,16.0,15.510000228881836,15.675000190734863,10.829769134521484,27204800,-0.0009566712480756872
2003-05-23,15.399999618530273,15.545000076293945,15.279999732971191,15.449999809265137,10.674320220947266,20740000,-0.014457866016480046
2003-05-27,15.244999885559082,15.904999732971191,15.21500015258789,15.885000228881836,10.974861145019531,20397200,0.027766429396255118
2003-05-28,15.800000190734863,16.014999389648438,15.625,15.694999694824219,10.860682487487793,17749000,-0.010458150263850724
2003-05-29,15.845000267028809,16.524999618530273,15.6899995803833,16.25,11.244732856750488,38179200,0.03475067182105382
2003-05-30,16.31999969482422,16.90999984741211,16.309999465942383,16.774999618530273,11.608022689819336,35369200,0.03179664174687324
2003-06-02,16.94499969482422,16.985000610351562,16.454999923706055,16.674999237060547,11.538826942443848,32764400,-0.005978865772414771
2003-06-03,16.565000534057617,17.479999542236328,16.454999923706055,17.34000015258789,11.998993873596191,48221200,0.03910519792750179
2003-06-04,17.325000762939453,17.475000381469727,17.05500030517578,17.350000381469727,12.005915641784668,26302400,0.0005766960609351509
2003-06-05,17.125,17.649999618530273,17.094999313354492,17.450000762939453,12.075115203857422,23624000,0.005747241718392402
2003-06-06,17.700000762939453,17.815000534057617,16.75,16.774999618530273,11.608022689819336,37706000,-0.039450269934414514
2003-06-09,16.479999542236328,17.219999313354492,16.405000686645508,16.600000381469727,11.486927032470703,28760000,-0.010486861291020265
2003-06-10,16.704999923706055,16.93000030517578,16.520000457763672,16.815000534057617,11.63570499420166,19709400,0.012868778498679163
2003-06-11,16.575000762939453,16.905000686645508,16.274999618530273,16.809999465942383,11.632242202758789,27324400,-0.000297644776234292
2003-06-12,16.700000762939453,16.84000015258789,16.4950008392334,16.795000076293945,11.621862411499023,18516600,-0.0008927277245291078
2003-06-13,16.7549991607666,16.96500015258789,16.350000381469727,16.4950008392334,11.41426944732666,16338000,-0.018023736382173697
2003-06-16,16.485000610351562,16.9950008392334,16.424999237060547,16.84000015258789,11.653002738952637,19476200,0.020699614058245757
2003-06-17,16.975000381469727,17.0,16.614999771118164,16.885000228881836,11.684144020080566,20130200,0.0026688180807497544
2003-06-18,16.684999465942383,17.9950008392334,16.645000457763672,17.844999313354492,12.348447799682617,39526600,0.055297660224282334
2003-06-19,18.059999465942383,19.09000015258789,17.985000610351562,18.459999084472656,12.774016380310059,61447400,0.03388276651616837
2003-06-20,18.524999618530273,18.575000762939453,17.725000381469727,18.225000381469727,12.611395835876465,24853400,-0.012812300830460092
2003-06-23,17.9950008392334,18.200000762939453,17.7549991607666,18.0,12.455702781677246,17794000,-0.012422263835688653
2003-06-24,17.979999542236328,18.25,17.690000534057617,17.905000686645508,12.389967918395996,18620600,-0.0052914664654423425
2003-06-25,17.905000686645508,17.975000381469727,17.610000610351562,17.65999984741211,12.220428466796875,20235200,-0.013778090445312278
2003-06-26,17.7549991607666,18.25,17.625,18.21500015258789,12.60447883605957,17593800,0.030943198096594224
2003-06-27,18.174999237060547,18.43000030517578,17.80500030517578,18.0049991607666,12.459162712097168,17232000,-0.011595900939316742
2003-06-30,17.979999542236328,18.299999237060547,17.8700008392334,17.969999313354492,12.43494701385498,14189200,-0.0019454968381449529
2003-07-01,17.725000381469727,18.204999923706055,17.600000381469727,18.020000457763672,12.469544410705566,17841000,0.0027784080001591873
2003-07-02,18.079999923706055,18.875,18.03499984741211,18.8700008392334,13.057726860046387,23431000,0.04609083090658489
2003-07-03,18.625,18.920000076293945,18.389999389648438,18.729999542236328,12.96084976196289,13808200,-0.007446798276647054
2003-07-07,18.950000762939453,19.989999771118164,18.905000686645508,19.940000534057617,13.798151016235352,43747600,0.06260134202835504
2003-07-08,19.65999984741211,19.81999969482422,19.46500015258789,19.7450008392334,13.663212776184082,24900600,-0.009827576453348839
2003-07-09,19.68000030517578,19.954999923706055,19.274999618530273,19.549999237060547,13.528279304504395,18209800,-0.009924764618807128
2003-07-10,19.399999618530273,19.4950008392334,18.895000457763672,19.079999923706055,13.203042030334473,21951000,-0.024334997898782476
2003-07-11,19.104999542236328,19.520000457763672,19.084999084472656,19.31999969482422,13.369119644165039,14206600,0.012500283448999228
2003-07-14,19.454999923706055,19.780000686645508,19.05500030517578,19.184999465942383,13.275705337524414,22736600,-0.00701184484703821
2003-07-15,19.28499984741211,19.360000610351562,18.69499969482422,18.899999618530273,13.078486442565918,22701400,-0.014967074553357548
2003-07-16,18.9950008392334,19.05500030517578,18.5,18.65999984741211,12.91241455078125,17650000,-0.012779407067572487
2003-07-17,18.165000915527344,18.190000534057617,17.774999618530273,17.844999313354492,12.348447799682617,30797000,-0.044658845926942144
2003-07-18,17.875,18.0,17.6299991607666,17.7450008392334,12.279250144958496,15457600,-0.005619513198395799
2003-07-21,17.94499969482422,17.94499969482422,17.165000915527344,17.4950008392334,12.106250762939453,19843000,-0.01418894654697706
2003-07-22,17.700000762939453,18.434999465942383,17.604999542236328,18.1200008392334,12.538743019104004,23673400,0.03510138127617259
2003-07-23,18.084999084472656,18.264999389648438,17.700000762939453,18.125,12.542200088500977,19169000,0.0002756730003361434
2003-07-24,18.290000915527344,18.889999389648438,18.174999237060547,18.604999542236328,12.874350547790527,31553800,0.026138036917487152
2003-07-25,18.6200008392334,18.9950008392334,18.229999542236328,18.924999237060547,13.095787048339844,16544200,0.01705357673211154
2003-07-28,19.110000610351562,19.3700008392334,19.03499984741211,19.309999465942383,13.362203598022461,23115600,0.02013951535956917
2003-07-29,19.30500030517578,19.5,18.684999465942383,19.065000534057617,13.19266414642334,18204000,-0.01276916585420974
2003-07-30,19.059999465942383,19.219999313354492,18.510000228881836,18.670000076293945,12.919329643249512,13352200,-0.02093631681396326
2003-07-31,18.795000076293945,19.075000762939453,18.709999084472656,18.739999771118164,12.967768669128418,17741400,0.003742333870487487
2003-08-01,18.729999542236328,18.774999618530273,18.225000381469727,18.25,12.628705978393555,16916400,-0.026494470752247316
2003-08-04,18.06999969482422,18.895000457763672,18.06999969482422,18.690000534057617,12.933173179626465,19388200,0.02382309993666913
2003-08-05,18.700000762939453,18.704999923706055,17.975000381469727,18.010000228881836,12.46262264251709,16350200,-0.03706159870220077
2003-08-06,18.049999237060547,18.610000610351562,17.950000762939453,18.235000610351562,12.618316650390625,19432000,0.012415484603258057
2003-08-07,18.075000762939453,18.549999237060547,18.030000686645508,18.204999923706055,12.597558975219727,19013800,-0.0016463977034112574
2003-08-08,18.280000686645508,18.395000457763672,17.565000534057617,17.68000030517578,12.234268188476562,20599800,-0.02926218091430663
2003-08-11,17.584999084472656,18.309999465942383,17.575000762939453,17.940000534057617,12.414183616638184,18368400,0.014598776826638831
2003-08-12,18.0,18.475000381469727,17.875,18.3799991607666,12.718660354614258,17800400,0.024230575356318586
2003-08-13,18.549999237060547,18.954999923706055,18.235000610351562,18.915000915527344,13.088871002197266,28103200,0.028692092992773824
2003-08-14,18.770000457763672,19.219999313354492,18.59000015258789,19.190000534057617,13.279166221618652,24289400,0.014434030235643713
2003-08-15,19.170000076293945,19.25,18.924999237060547,19.18000030517578,13.272244453430176,8311600,-0.000521386108632171
2003-08-18,19.094999313354492,19.565000534057617,19.079999923706055,19.55500030517578,13.531739234924316,15819600,0.01936300902693755
2003-08-19,19.545000076293945,19.739999771118164,19.0,19.34000015258789,13.38296127319336,18336800,-0.011055629400193239
2003-08-20,18.985000610351562,19.454999923706055,18.954999923706055,19.31999969482422,13.369119644165039,18368000,-0.0010348077449560654
2003-08-21,19.489999771118164,19.520000457763672,18.9950008392334,19.31999969482422,13.369119644165039,16936800,0.0
2003-08-22,19.549999237060547,19.799999237060547,19.399999618530273,19.434999465942383,13.448698997497559,33529400,0.005934829224978731
2003-08-25,19.31999969482422,19.524999618530273,19.28499984741211,19.489999771118164,13.486759185791016,11925200,0.0028260305330573333
2003-08-26,19.280000686645508,19.829999923706055,19.030000686645508,19.799999237060547,13.70127010345459,23926600,0.015780133726507155
2003-08-27,19.735000610351562,20.530000686645508,19.625,20.5,14.210780143737793,38562600,0.03651230482085584
2003-08-28,20.5049991607666,20.614999771118164,20.170000076293945,20.485000610351562,14.200380325317383,21463600,-0.0007320939175454662
2003-08-29,20.415000915527344,20.795000076293945,20.375,20.665000915527344,14.325161933898926,18485600,0.008748819101448785
2003-09-02,20.594999313354492,20.68000030517578,20.219999313354492,20.604999542236328,14.28357219696045,22937600,-0.0029074873460959477
2003-09-03,20.645000457763672,20.700000762939453,20.084999084472656,20.184999465942383,13.992422103881836,24250800,-0.020594174699827186
2003-09-04,20.135000228881836,20.584999084472656,20.079999923706055,20.549999237060547,14.245442390441895,25470800,0.017921118530600674
2003-09-05,20.489999771118164,20.934999465942383,20.479999542236328,20.604999542236328,14.28357219696045,25852000,0.0026730561692264094
2003-09-08,20.549999237060547,21.334999084472656,20.545000076293945,21.239999771118164,14.72375774383545,20456800,0.0303522827555579
2003-09-09,21.084999084472656,21.104999542236328,20.5,20.90999984741211,14.49499797821045,18610800,-0.015658739340760366
2003-09-10,20.575000762939453,20.8700008392334,20.30500030517578,20.309999465942383,14.079073905944824,13975400,-0.029114048050549422
2003-09-11,20.405000686645508,20.700000762939453,20.25,20.5,14.210780143737793,17530600,0.009311266797944537
2003-09-12,21.100000381469727,21.475000381469727,21.0,21.40999984741211,14.841598510742188,30094800,0.0434331066563896
2003-09-15,21.325000762939453,21.850000381469727,21.184999465942383,21.725000381469727,15.059966087341309,31354400,0.014606022237111119
2003-09-16,21.299999237060547,22.489999771118164,21.190000534057617,22.44499969482422,15.559074401855469,42185000,0.0326040607063166
2003-09-17,22.3799991607666,22.514999389648438,21.94499969482422,22.1200008392334,15.333778381347656,22348200,-0.014585898968690949
2003-09-18,22.079999923706055,23.024999618530273,22.079999923706055,22.864999771118164,15.850221633911133,28065800,0.03312535116731311
2003-09-19,22.81999969482422,22.8799991607666,22.364999771118164,22.524999618530273,15.61452579498291,23142200,-0.014981861720646583
2003-09-22,22.155000686645508,22.639999389648438,22.1299991607666,22.309999465942383,15.465493202209473,19401000,-0.009590324577954707
2003-09-23,22.540000915527344,22.625,22.165000915527344,22.389999389648438,15.520939826965332,21975000,0.0035787716438257684
2003-09-24,22.43000030517578,22.440000534057617,21.610000610351562,21.760000228881836,15.084221839904785,18484600,-0.02854078252687952
2003-09-25,21.594999313354492,22.174999237060547,21.3700008392334,21.44499969482422,14.865865707397461,16701800,-0.014581593533421646
2003-09-26,21.34000015258789,21.674999237060547,20.80500030517578,20.825000762939453,14.436075210571289,20629800,-0.029337396024026463
2003-09-29,21.045000076293945,21.690000534057617,20.924999237060547,21.670000076293945,15.021833419799805,20221000,0.03977440742116276
2003-09-30,21.309999465942383,21.459999084472656,20.80500030517578,20.834999084472656,14.443004608154297,19978000,-0.039294516942692655
2003-10-01,20.979999542236328,21.229999542236328,20.5,21.174999237060547,14.678698539733887,23894000,0.016187176747823023
2003-10-02,21.44499969482422,21.604999542236328,21.165000915527344,21.4950008392334,14.90052318572998,16059200,0.014998961546427715
2003-10-03,21.93000030517578,22.1299991607666,21.725000381469727,21.9950008392334,15.247125625610352,16026000,0.022994676250424447
2003-10-06,21.875,22.075000762939453,21.80500030517578,21.96500015258789,15.226335525512695,8445200,-0.0013644727272766133
2003-10-07,21.969999313354492,21.969999313354492,21.274999618530273,21.8799991607666,15.167411804199219,19484400,-0.003877362965189934
2003-10-08,21.93000030517578,22.06999969482422,21.40999984741211,21.625,14.990646362304688,16377600,-0.01172273527758514
2003-10-09,21.979999542236328,22.264999389648438,21.575000762939453,21.829999923706055,15.132755279541016,22381200,0.009435187510921525
2003-10-10,21.809999465942383,22.184999465942383,21.799999237060547,22.155000686645508,15.358048439025879,16021000,0.014778046633971795
2003-10-13,22.395000457763672,22.665000915527344,22.344999313354492,22.459999084472656,15.56947135925293,15128400,0.013672367852353711
2003-10-14,22.2549991607666,22.434999465942383,22.139999389648438,22.299999237060547,15.458563804626465,13211800,-0.007148891406308296
2003-10-15,22.5,22.5049991607666,21.975000381469727,22.059999465942383,15.292190551757812,13045400,-0.010820864707235336
2003-10-16,21.704999923706055,22.565000534057617,21.670000076293945,22.434999465942383,15.552139282226562,19148600,0.016855926947187124
2003-10-17,22.489999771118164,22.5,21.610000610351562,21.6299991607666,14.994104385375977,18781400,-0.036541120716039086
2003-10-20,21.71500015258789,22.28499984741211,21.700000762939453,22.25,15.423896789550781,13829200,0.028260963430540922
2003-10-21,22.479999542236328,22.825000762939453,22.309999465942383,22.665000915527344,15.711579322814941,17986000,0.018479930695946212
2003-10-22,22.360000610351562,22.56999969482422,21.985000610351562,22.0049991607666,15.254057884216309,13539600,-0.029552418567079804
2003-10-23,21.690000534057617,22.170000076293945,21.575000762939453,21.934999465942383,15.20553207397461,14845200,-0.003186244552980405
2003-10-24,21.825000762939453,22.1200008392334,21.350000381469727,22.100000381469727,15.319914817810059,12851000,0.007494290228968402
2003-10-27,22.200000762939453,22.5,22.084999084472656,22.1200008392334,15.333778381347656,12346800,0.000904528168449779
2003-10-28,22.385000228881836,23.594999313354492,22.2450008392334,23.5,16.290407180786133,28818200,0.06051828578243782
2003-10-29,23.549999237060547,23.815000534057617,23.19499969482422,23.760000228881836,16.470640182495117,18797000,0.011002994992554464
2003-10-30,24.274999618530273,24.299999237060547,23.75,24.010000228881836,16.64394760131836,18911800,0.01046722986802215
2003-10-31,23.975000381469727,24.06999969482422,23.6299991607666,23.7450008392334,16.460248947143555,17035800,-0.011098323407922484
2003-11-03,23.7450008392334,24.315000534057617,23.719999313354492,24.125,16.72367286682129,16750200,0.015876933095734524
2003-11-04,23.8700008392334,23.924999237060547,23.5,23.65999984741211,16.40131950378418,16077600,-0.019463463459663734
2003-11-05,23.524999618530273,23.7549991607666,22.96500015258789,23.295000076293945,16.148298263549805,26999800,-0.015547115702678664
2003-11-06,23.645000457763672,23.69499969482422,22.979999542236328,23.329999923706055,16.172563552856445,25851000,0.0015015251761214706
2003-11-07,23.459999084472656,24.34000015258789,23.420000076293945,24.020000457763672,16.650875091552734,27723600,0.0291465744816657
2003-11-10,23.905000686645508,23.940000534057617,23.260000228881836,23.354999542236328,16.18988800048828,14031400,-0.028075923251292188
2003-11-11,23.25,23.55500030517578,23.075000762939453,23.209999084472656,16.089378356933594,9719200,-0.006227524955030188
2003-11-12,23.489999771118164,24.0,23.354999542236328,23.905000686645508,16.571157455444336,13607400,0.029504356579673447
2003-11-13,23.684999465942383,23.989999771118164,23.600000381469727,23.850000381469727,16.53302764892578,9329200,-0.0023036255543075874
2003-11-14,23.93000030517578,24.315000534057617,23.530000686645508,23.700000762939453,16.429059982299805,14582400,-0.006308338996784377
2003-11-17,23.3799991607666,23.584999084472656,23.19499969482422,23.360000610351562,16.1933536529541,15086000,-0.014450827199709084
2003-11-18,23.549999237060547,23.649999618530273,22.665000915527344,22.71500015258789,15.74623966217041,17367600,-0.027999304561380434
2003-11-19,22.655000686645508,23.229999542236328,22.625,23.014999389648438,15.954201698303223,12906600,0.01312063874242392
2003-11-20,22.780000686645508,22.920000076293945,22.299999237060547,22.385000228881836,15.517480850219727,16397800,-0.027755038671609215
2003-11-21,22.549999237060547,22.56999969482422,21.80500030517578,21.959999084472656,15.22286605834961,22907600,-0.019168541827074052
2003-11-24,22.225000381469727,22.71500015258789,22.014999389648438,22.594999313354492,15.663057327270508,20955000,0.028506259732460088
2003-11-25,22.575000762939453,23.114999771118164,22.09000015258789,22.790000915527344,15.822745323181152,16170200,0.010143579117347848
2003-11-26,22.915000915527344,22.975000381469727,22.030000686645508,22.229999542236328,15.433944702148438,17172000,-0.024879197081640318
2003-11-28,22.354999542236328,22.399999618530273,22.065000534057617,22.274999618530273,15.465182304382324,5505600,0.0020219090894831454
2003-12-01,22.454999923706055,22.875,22.389999389648438,22.799999237060547,15.829683303833008,15588000,0.023295673358709978
2003-12-02,22.799999237060547,22.989999771118164,22.3700008392334,22.450000762939453,15.58668041229248,15372400,-0.015470137798837184
2003-12-03,22.635000228881836,22.84000015258789,22.135000228881836,22.235000610351562,15.437409400939941,19160800,-0.009622984213025017
2003-12-04,23.825000762939453,24.690000534057617,23.764999389648438,24.549999237060547,17.044679641723633,59609400,0.09904436495388076
2003-12-05,24.25,24.9950008392334,24.100000381469727,24.739999771118164,17.176593780517578,32994400,0.007709519779935184
2003-12-08,24.545000076293945,24.725000381469727,24.415000915527344,24.610000610351562,17.086341857910156,17801600,-0.005268207738968747
2003-12-09,24.584999084472656,24.670000076293945,24.204999923706055,24.219999313354492,16.815563201904297,21161800,-0.015974583951974927
2003-12-10,24.184999465942383,24.55500030517578,24.094999313354492,24.375,16.923185348510742,16016600,0.00637975717893049
2003-12-11,24.469999313354492,25.225000381469727,24.18000030517578,25.06999969482422,17.40570640563965,22331200,0.02811351097456415
2003-12-12,25.09000015258789,25.579999923706055,24.850000381469727,25.5,17.704248428344727,21204200,0.01700652817653338
2003-12-15,25.969999313354492,26.0,24.940000534057617,25.03499984741211,17.381406784057617,24853600,-0.018403575721222542
2003-12-16,24.899999618530273,25.110000610351562,24.375,24.895000457763672,17.284212112426758,20533200,-0.005607569079330727
2003-12-17,24.75,25.170000076293945,24.4950008392334,24.65999984741211,17.12105369567871,15313000,-0.00948457371389545
2003-12-18,24.625,25.920000076293945,24.625,25.739999771118164,17.870880126953125,31133400,0.042863663142300334
2003-12-19,25.860000610351562,25.860000610351562,25.25,25.514999389648438,17.71466064453125,22200600,-0.008779997863876425
2003-12-22,25.450000762939453,26.15999984741211,25.395000457763672,26.125,18.138174057006836,15205600,0.023626199498874508
2003-12-23,26.200000762939453,26.81999969482422,26.059999465942383,26.760000228881836,18.579042434692383,20276800,0.024015413393524275
2003-12-24,26.690000534057617,26.690000534057617,26.270000457763672,26.420000076293945,18.34299087524414,5490400,-0.012786661754798144
2003-12-26,26.46500015258789,26.69499969482422,26.34000015258789,26.514999389648438,18.40894889831543,3908000,0.003589366672460584
2003-12-29,26.399999618530273,27.424999237060547,26.399999618530273,27.40999984741211,19.03033447265625,14254200,0.03319735767303353
2003-12-30,27.235000610351562,27.389999389648438,27.014999389648438,27.190000534057617,18.877592086791992,12150200,-0.008058642418047718
2003-12-31,27.30500030517578,27.399999618530273,26.799999237060547,26.96500015258789,18.721370697021484,9920200,-0.008309925444215788
2004-01-02,27.010000228881836,27.4950008392334,26.665000915527344,26.809999465942383,18.61375617980957,13705000,-0.00576480243904009
2004-01-05,26.75,27.44499969482422,26.709999084472656,27.375,19.006038665771484,15907200,0.020855866260599855
2004-01-06,27.235000610351562,27.415000915527344,26.875,27.114999771118164,18.82552146911621,16162600,-0.009543279000254918
2004-01-07,27.0,28.114999771118164,26.96500015258789,27.8799991607666,19.35664176940918,20298600,0.027822130293233965
2004-01-08,28.6299991607666,29.71500015258789,28.479999542236328,29.475000381469727,20.46403694152832,38061600,0.05563344555253332
2004-01-09,29.110000610351562,29.9950008392334,29.110000610351562,29.485000610351562,20.470979690551758,23863200,0.0003392083190002696
2004-01-12,29.43000030517578,30.165000915527344,29.270000457763672,30.045000076293945,20.85978126525879,18206800,0.01881470532222441
2004-01-13,30.104999542236328,30.325000762939453,29.399999618530273,29.719999313354492,20.634126663208008,19772600,-0.010876624444809569
2004-01-14,29.915000915527344,30.174999237060547,29.704999923706055,30.05500030517578,20.866710662841797,14890800,0.011208758651473713
2004-01-15,29.399999618530273,30.364999771118164,29.295000076293945,29.959999084472656,20.800756454467773,20111600,-0.003165743829387155
2004-01-16,29.815000534057617,29.989999771118164,29.454999923706055,29.834999084472656,20.713972091674805,21836000,-0.004180901200492804
2004-01-20,29.825000762939453,29.8700008392334,29.145000457763672,29.440000534057617,20.439725875854492,18349200,-0.013328098764882407
2004-01-21,29.05500030517578,29.610000610351562,28.5049991607666,29.385000228881836,20.401538848876953,22475000,-0.0018700223101904834
2004-01-22,28.924999237060547,29.15999984741211,28.415000915527344,28.55500030517578,19.825294494628906,22253400,-0.028651709652924382
2004-01-23,28.735000610351562,29.049999237060547,28.100000381469727,28.46500015258789,19.762805938720703,14957000,-0.0031569389347952132
2004-01-26,28.34000015258789,29.264999389648438,28.200000762939453,29.225000381469727,20.290462493896484,13561000,0.026349264571219905
2004-01-27,29.2450008392334,29.489999771118164,28.454999923706055,28.549999237060547,19.821821212768555,13952600,-0.023367535449661594
2004-01-28,28.729999542236328,29.145000457763672,28.184999465942383,28.280000686645508,19.634357452392578,18035000,-0.00950244941739396
2004-01-29,28.43000030517578,28.850000381469727,28.024999618530273,28.770000457763672,19.974557876586914,22013600,0.017178394679319652
2004-01-30,28.709999084472656,29.440000534057617,28.649999618530273,29.30500030517578,20.346006393432617,17081800,0.018425289037436746
2004-02-02,29.184999465942383,29.415000915527344,28.579999923706055,28.780000686645508,19.98149871826172,16514400,-0.018077865275627616
2004-02-03,28.774999618530273,29.049999237060547,28.454999923706055,28.719999313354492,19.93984603881836,11508400,-0.002086738050105512
2004-02-04,28.594999313354492,28.690000534057617,28.049999237060547,28.19499969482422,19.575345993041992,14085600,-0.018449126309284455
2004-02-05,28.260000228881836,28.575000762939453,27.80500030517578,28.43000030517578,19.738506317138672,13417400,0.008300446345743789
2004-02-06,28.719999313354492,28.915000915527344,28.385000228881836,28.844999313354492,20.026630401611328,14741800,0.014491544630221549
2004-02-09,28.7450008392334,28.899999618530273,28.5,28.579999923706055,19.8426456451416,10017000,-0.00922946593180575
2004-02-10,28.524999618530273,29.125,28.5049991607666,29.045000076293945,20.165491104125977,10483800,0.01613934029622266
2004-02-11,28.9950008392334,29.760000228881836,28.864999771118164,29.690000534057617,20.613296508789062,15296600,0.02196354685426753
2004-02-12,29.520000457763672,29.834999084472656,29.280000686645508,29.309999465942383,20.349472045898438,10319200,-0.012881361304932313
2004-02-13,29.264999389648438,29.6299991607666,28.635000228881836,28.844999313354492,20.026630401611328,13211200,-0.015992059913751962
2004-02-17,29.045000076293945,29.9950008392334,28.989999771118164,29.774999618530273,20.672317504882812,15785600,0.03173257871025879
2004-02-18,29.53499984741211,29.739999771118164,29.100000381469727,29.530000686645508,20.502216339111328,13750600,-0.00826249225462733
2004-02-19,29.770000457763672,29.96500015258789,29.375,29.395000457763672,20.40848731994629,16155600,-0.004582134980631946
2004-02-20,29.3799991607666,29.899999618530273,29.045000076293945,29.700000762939453,20.620241165161133,17300800,0.010322314789222624
2004-02-23,31.459999084472656,31.825000762939453,30.665000915527344,31.21500015258789,21.67209243774414,55641200,0.04975219586916135
2004-02-24,31.0049991607666,31.084999084472656,30.309999465942383,30.540000915527344,21.20344352722168,25064800,-0.021861771064316488
2004-02-25,30.510000228881836,31.149999618530273,30.440000534057617,31.040000915527344,21.575321197509766,17576000,0.017386525327761276
2004-02-26,31.030000686645508,31.8799991607666,30.959999084472656,31.850000381469727,22.13832664489746,19921800,0.025760219451551287
2004-02-27,31.950000762939453,32.0,31.2450008392334,31.545000076293945,21.92633056640625,18732400,-0.009622120200034803
2004-03-01,31.719999313354492,31.989999771118164,31.25,31.375,21.808164596557617,19226800,-0.005403801139392536
2004-03-02,31.450000762939453,31.559999465942383,31.0049991607666,31.0049991607666,21.550979614257812,15000200,-0.011863149201999578
2004-03-03,31.024999618530273,31.264999389648438,30.719999313354492,30.8799991607666,21.464099884033203,17830400,-0.004039506581276154
2004-03-04,30.795000076293945,31.399999618530273,30.78499984741211,31.28499984741211,21.7456111907959,11773400,0.013030186168782229
2004-03-05,31.344999313354492,32.224998474121094,31.280000686645508,31.940000534057617,22.200889587402344,29140400,0.020720406737729843
2004-03-08,31.93000030517578,32.2599983215332,31.700000762939453,31.809999465942383,22.110523223876953,22297800,-0.0040787004100544776
2004-03-09,31.649999618530273,31.975000381469727,31.459999084472656,31.875,22.15569305419922,17469600,0.0020408270594493407
2004-03-10,31.8799991607666,32.025001525878906,31.635000228881836,31.75,22.068824768066406,20351800,-0.003928517579482339
2004-03-11,31.2549991607666,31.71500015258789,30.825000762939453,30.889999389648438,21.471044540405273,22462000,-0.027460706782651213
2004-03-12,31.125,31.645000457763672,31.014999389648438,31.510000228881836,21.901996612548828,16903800,0.01987254032228048
2004-03-15,31.274999618530273,31.93000030517578,31.149999618530273,31.40999984741211,21.832489013671875,23031000,-0.003178620093727603
2004-03-16,31.59000015258789,32.17499923706055,31.434999465942383,32.064998626708984,22.28776741027832,20537000,0.020638799239223814
2004-03-17,32.31999969482422,32.52000045776367,32.11000061035156,32.36000061035156,22.492820739746094,16101400,0.009158198725536248
2004-03-18,32.154998779296875,32.59000015258789,31.764999389648438,32.415000915527344,22.531051635742188,21056400,0.0016982504243789
2004-03-19,32.334999084472656,32.63999938964844,32.16999816894531,32.18000030517578,22.36769676208496,16299200,-0.007276621299190815
2004-03-22,31.645000457763672,31.969999313354492,30.7450008392334,31.155000686645508,21.655242919921875,27512600,-0.03237021685307551
2004-03-23,31.360000610351562,31.479999542236328,30.600000381469727,30.795000076293945,21.405019760131836,22542000,-0.011622129581249823
2004-03-24,30.889999389648438,31.290000915527344,30.649999618530273,31.104999542236328,21.620487213134766,17346600,0.010015884503337086
2004-03-25,31.43000030517578,31.545000076293945,30.924999237060547,31.459999084472656,21.86724853515625,20896000,0.01134866951258445
2004-03-26,31.204999923706055,31.280000686645508,30.875,30.8799991607666,21.464099884033203,14507000,-0.018608250093870307
2004-03-29,31.575000762939453,32.94499969482422,31.424999237060547,32.80500030517578,22.8021297454834,31768800,0.06047217481409529
2004-03-30,32.58000183105469,32.900001525878906,32.47999954223633,32.790000915527344,22.791702270507812,14684000,-0.00045740727183153233
2004-03-31,32.540000915527344,33.48500061035156,32.53499984741211,33.14500045776367,23.0384578704834,21283000,0.010768366667129327
2004-04-01,32.75,33.150001525878906,32.61000061035156,33.14500045776367,23.0384578704834,17986400,0.0
2004-04-02,33.900001525878906,34.15999984741211,33.15999984741211,34.1150016784668,23.712692260742188,19342000,0.028845542336615793
2004-04-05,33.845001220703125,34.599998474121094,33.814998626708984,34.595001220703125,24.046321868896484,15784400,0.013971604792018227
2004-04-06,33.73500061035156,34.375,33.73500061035156,34.154998779296875,23.7404842376709,17436200,-0.01280026149501926
2004-04-07,34.2400016784668,34.52000045776367,33.959999084472656,34.224998474121094,23.789142608642578,13598000,0.002047497159108655
2004-04-08,34.525001525878906,34.689998626708984,33.36000061035156,33.689998626708984,23.417280197143555,18968800,-0.01575506388333061
2004-04-12,33.720001220703125,34.18000030517578,33.63999938964844,34.08000183105469,23.688358306884766,10298200,0.011509496985353161
2004-04-13,34.150001525878906,34.17499923706055,33.380001068115234,33.57500076293945,23.33733558654785,12363600,-0.014929252967369662
2004-04-14,33.220001220703125,33.875,33.14500045776367,33.66999816894531,23.40337371826172,11757800,0.002825724155126754
2004-04-15,33.85499954223633,33.85499954223633,32.775001525878906,33.02000045776367,22.95157241821289,14834200,-0.01949373885106461
2004-04-16,33.17499923706055,33.209999084472656,32.380001068115234,32.43000030517578,22.54147720336914,18142400,-0.018029405677246375
2004-04-19,32.349998474121094,33.32500076293945,32.310001373291016,33.29499816894531,23.142723083496094,13915200,0.02632335003477721
2004-04-20,33.334999084472656,33.39500045776367,32.165000915527344,32.21500015258789,22.392024993896484,15555000,-0.03297552506173104
2004-04-21,32.95000076293945,33.310001373291016,32.54999923706055,32.91999816894531,22.882062911987305,24948400,0.02164845627431261
2004-04-22,33.689998626708984,34.5,33.18000030517578,33.939998626708984,23.591047286987305,27620200,0.030513963128563477
2004-04-23,33.994998931884766,34.04499816894531,33.2599983215332,33.4900016784668,23.27825355529785,19059200,-0.013347686866160398
2004-04-26,33.244998931884766,33.53499984741211,32.92499923706055,33.07500076293945,22.989809036254883,11911200,-0.01246856858924319
2004-04-27,33.21500015258789,33.41999816894531,32.78499984741211,32.904998779296875,22.87163734436035,15677200,-0.005153433341203368
2004-04-28,32.96500015258789,33.025001525878906,32.150001525878906,32.55500030517578,22.628355026245117,18032000,-0.010693831971224112
2004-04-29,32.41999816894531,33.1150016784668,31.635000228881836,32.20500183105469,22.38508415222168,18842600,-0.010808916046296378
2004-04-30,32.0,32.290000915527344,31.03499984741211,31.229999542236328,21.707382202148438,23144000,-0.030742454657801586
2004-05-03,31.274999618530273,32.08000183105469,31.170000076293945,31.989999771118164,22.235641479492188,16179000,0.024044077193843053
2004-05-04,31.844999313354492,32.935001373291016,31.75,32.32500076293945,22.468494415283203,18688400,0.010417606202187278
2004-05-05,32.189998626708984,32.724998474121094,31.940000534057617,32.505001068115234,22.59360694885254,14232800,0.005552908154151334
2004-05-06,32.165000915527344,32.314998626708984,31.614999771118164,31.954999923706055,22.2113037109375,14648200,-0.017065652430859984
2004-05-07,31.795000076293945,32.22999954223633,31.600000381469727,31.625,21.981935501098633,16511800,-0.010380332986914334
2004-05-10,31.219999313354492,31.975000381469727,31.1299991607666,31.815000534057617,22.11400032043457,22989800,0.005989904136856098
2004-05-11,32.0,32.595001220703125,31.93000030517578,32.36000061035156,22.492820739746094,19378200,0.01698527345024435
2004-05-12,32.279998779296875,32.380001068115234,31.165000915527344,31.950000762939453,22.20783805847168,34909800,-0.012750887798447068
2004-05-13,31.739999771118164,32.275001525878906,31.655000686645508,32.23500061035156,22.405935287475586,19302000,0.008880599691867535
2004-05-14,32.31999969482422,32.595001220703125,31.774999618530273,31.825000762939453,22.12094497680664,16332600,-0.012800995741893476
2004-05-17,31.09000015258789,31.579999923706055,30.899999618530273,31.280000686645508,21.742130279541016,17518200,-0.017273030380313657
2004-05-18,31.59000015258789,32.10499954223633,31.524999618530273,32.0099983215332,22.24953842163086,13609600,0.023069397470034378
2004-05-19,32.35499954223633,32.67499923706055,31.725000381469727,31.780000686645508,22.08967399597168,22675600,-0.007211003970021701
2004-05-20,31.885000228881836,32.39500045776367,31.860000610351562,32.099998474121094,22.31209373474121,14425400,0.010018592075507636
2004-05-21,32.375,32.70000076293945,32.2400016784668,32.70000076293945,22.72915267944336,15289000,0.01851950813113679
2004-05-24,32.790000915527344,33.125,32.68000030517578,32.775001525878906,22.78127670288086,16478400,0.0022906418127157167
2004-05-25,32.77000045776367,33.54999923706055,32.56999969482422,33.45000076293945,23.25045394897461,23334800,0.020385655178678026
2004-05-26,33.36000061035156,33.474998474121094,33.084999084472656,33.28499984741211,23.170406341552734,14734400,-0.0034487808395619376
2004-05-27,33.5,33.619998931884766,33.13999938964844,33.400001525878906,23.250455856323242,16638200,0.0034488628744570936
2004-05-28,33.415000915527344,33.625,33.16999816894531,33.53499984741211,23.344438552856445,9817200,0.004034039573517908
2004-06-01,33.2400016784668,34.05500030517578,33.224998474121094,34.025001525878906,23.68552589416504,16232400,0.014505361671141704
2004-06-02,34.08000183105469,34.154998779296875,33.59000015258789,33.9900016784668,23.661170959472656,15521200,-0.0010287913818275707
2004-06-03,33.7599983215332,34.255001068115234,33.654998779296875,33.81999969482422,23.542827606201172,13403200,-0.0050141345992671255
2004-06-04,34.19499969482422,34.459999084472656,33.625,33.63999938964844,23.417524337768555,18909000,-0.005336568429366583
2004-06-07,33.7599983215332,34.375,33.525001525878906,34.34000015258789,23.90480613708496,16008000,0.020594886923803336
2004-06-08,34.16999816894531,34.77000045776367,34.029998779296875,34.67499923706055,24.138004302978516,15837800,0.009708008138695563
2004-06-09,34.439998626708984,34.720001220703125,34.14500045776367,34.22999954223633,23.82823371887207,10728600,-0.01291637216192855
2004-06-10,34.5,34.93000030517578,34.310001373291016,34.93000030517578,24.315513610839844,13420600,0.020243398542687138
2004-06-14,34.529998779296875,34.845001220703125,34.25,34.36000061035156,23.918733596801758,20986800,-0.016452582438824526
2004-06-15,34.595001220703125,34.915000915527344,34.38999938964844,34.70000076293945,24.155414581298828,16933000,0.009846576829707304
2004-06-16,34.57500076293945,34.709999084472656,34.375,34.375,23.92917251586914,12266000,-0.009410239272597827
2004-06-17,34.345001220703125,34.349998474121094,33.92499923706055,34.125,23.755136489868164,11721400,-0.007299541605909637
2004-06-18,34.0,34.084999084472656,33.05500030517578,33.244998931884766,23.142555236816406,27809800,-0.0261256395853357
2004-06-21,33.255001068115234,33.540000915527344,32.3650016784668,32.744998931884766,22.79450225830078,22149200,-0.015153762907009172
2004-06-22,32.90999984741211,34.13999938964844,32.88999938964844,33.974998474121094,23.650728225708008,26161400,0.036874528386355694
2004-06-23,33.98500061035156,34.0099983215332,33.470001220703125,33.95000076293945,23.633316040039062,17106800,-0.0007364931120590113
2004-06-24,33.845001220703125,34.834999084472656,32.505001068115234,34.34000015258789,23.90480613708496,24476000,0.011422119186218693
2004-06-25,34.34000015258789,35.029998779296875,34.07500076293945,34.540000915527344,24.04403305053711,16388000,0.005807327438871995
2004-06-28,34.70500183105469,34.849998474121094,34.20500183105469,34.334999084472656,23.901334762573242,16823800,-0.005952554577163985
2004-06-29,34.33000183105469,35.95000076293945,34.209999084472656,35.775001525878906,24.903745651245117,34730600,0.04108391473394277
2004-06-30,35.93000030517578,36.665000915527344,35.86000061035156,36.4900016784668,25.40146827697754,26640000,0.01978875861560713
2004-07-01,36.70500183105469,36.75,35.8849983215332,36.025001525878906,25.07777214050293,24813200,-0.012825096838392952
2004-07-02,36.0,36.290000915527344,35.68000030517578,36.1349983215332,25.15434455871582,12986400,0.003048745804687139
2004-07-06,35.900001525878906,36.290000915527344,35.025001525878906,35.290000915527344,24.56613540649414,23696800,-0.023661742451409992
2004-07-07,35.4900016784668,35.939998626708984,35.45500183105469,35.7400016784668,24.879384994506836,14224600,0.01267066364627806
2004-07-08,35.6150016784668,36.0,35.09000015258789,35.32500076293945,24.59048843383789,15319400,-0.011679829555831186
2004-07-09,35.53499984741211,35.97999954223633,35.189998626708984,35.279998779296875,24.559167861938477,13768200,-0.0012744982772840282
2004-07-12,35.06999969482422,35.13999938964844,34.45000076293945,34.724998474121094,24.172815322875977,18248400,-0.01585655287713441
2004-07-13,35.28499984741211,35.29999923706055,34.82500076293945,35.1349983215332,24.458236694335938,16039400,0.011738370318888436
2004-07-14,34.974998474121094,35.45000076293945,34.775001525878906,34.814998626708984,24.235462188720703,14245800,-0.009150098063048409
2004-07-15,34.83000183105469,35.095001220703125,34.040000915527344,34.439998626708984,23.974424362182617,18235600,-0.01082932967887996
2004-07-16,34.75,34.7599983215332,34.095001220703125,34.13999938964844,23.76559066772461,16298600,-0.008748846282374143
2004-07-19,34.125,34.54499816894531,33.70000076293945,34.084999084472656,23.727293014526367,17909600,-0.0016127747371846963
2004-07-20,34.224998474121094,34.779998779296875,33.8650016784668,34.76499938964844,24.200666427612305,17025400,0.019754181572244768
2004-07-21,35.125,35.19499969482422,33.75,33.84000015258789,23.55675506591797,22986600,-0.02696755246554873
2004-07-22,34.25,36.45500183105469,34.099998474121094,36.25,25.234392166137695,35647400,0.068795213915843
2004-07-23,36.15999984741211,36.48500061035156,35.18000030517578,35.45000076293945,24.677509307861328,22247600,-0.022315558074938097
2004-07-26,35.20500183105469,35.665000915527344,34.63999938964844,35.25,24.538278579711914,17890600,-0.005657985193600176
2004-07-27,35.40999984741211,35.82500076293945,34.83000183105469,35.21500015258789,24.513917922973633,19611600,-0.0009932545524116282
2004-07-28,35.14500045776367,35.39500045776367,34.23500061035156,35.029998779296875,24.385135650634766,19204000,-0.005267282725313034
2004-07-29,35.375,35.3849983215332,34.625,35.0,24.364246368408203,15472400,-0.0008570071102412354
2004-07-30,35.10499954223633,35.189998626708984,34.53499984741211,34.60499954223633,24.089284896850586,13811600,-0.011349613369294886
2004-08-02,34.939998626708984,36.275001525878906,34.78499984741211,36.029998779296875,25.08125877380371,23704800,0.04035377330922746
2004-08-03,35.915000915527344,36.369998931884766,35.46500015258789,35.48500061035156,24.701873779296875,15193200,-0.015241802581689825
2004-08-04,35.564998626708984,36.05500030517578,35.099998474121094,35.64500045776367,24.813257217407227,18304200,0.004498973293294822
2004-08-05,35.84000015258789,35.875,34.810001373291016,34.875,24.277236938476562,16437200,-0.021838915742284477
2004-08-06,34.59000015258789,34.94499969482422,33.775001525878906,33.775001525878906,23.51150131225586,21413400,-0.03204944085038538
2004-08-09,33.84000015258789,34.59000015258789,33.65999984741211,34.32500076293945,23.894367218017578,15100600,0.016153030938566425
2004-08-10,34.595001220703125,34.845001220703125,34.125,34.84000015258789,24.252870559692383,14219800,0.014892234067674244
2004-08-11,34.34000015258789,34.685001373291016,34.0,34.2599983215332,23.8491153717041,21493000,-0.016787858660164773
2004-08-12,34.040000915527344,34.94499969482422,34.025001525878906,34.59000015258789,24.078838348388672,19615400,0.009586252617695346
2004-08-13,34.79499816894531,34.994998931884766,34.22999954223633,34.584999084472656,24.07535743713379,12265400,-0.00014457353940453596
2004-08-16,34.279998779296875,35.04999923706055,34.209999084472656,34.91999816894531,24.30856704711914,9093500,0.009640037201972384
2004-08-17,35.09000015258789,35.25,34.619998931884766,34.959999084472656,24.33640480041504,11280500,0.0011445275956567158
2004-08-18,34.970001220703125,36.099998474121094,34.7599983215332,36.02000045776367,25.07428741455078,13559300,0.029869546091509134
2004-08-19,35.95000076293945,36.13999938964844,35.29999923706055,35.5099983215332,24.71927261352539,10363300,-0.014259708143350994
2004-08-20,35.630001068115234,37.5,35.400001525878906,37.20000076293945,25.895713806152344,21609800,0.0464942577631786
2004-08-23,37.34000015258789,38.709999084472656,37.16999816894531,37.970001220703125,26.431730270385742,18880400,0.020487727724398507
2004-08-24,38.040000915527344,38.59000015258789,37.56999969482422,38.0099983215332,26.45958137512207,13381900,0.0010531448906832747
2004-08-25,37.900001525878906,38.5,37.68000030517578,38.31999969482422,26.724590301513672,10358400,0.009965789119458817
2004-08-26,37.97999954223633,38.4900016784668,37.779998779296875,37.93000030517578,26.45258903503418,8319000,-0.010230088998839806
2004-08-27,38.0,38.849998474121094,37.93000030517578,38.43000030517578,26.801298141479492,10733000,0.013096286822384336
2004-08-30,37.95000076293945,38.13999938964844,37.369998931884766,37.709999084472656,26.299163818359375,8032200,-0.0189131797590812
2004-08-31,37.77000045776367,38.099998474121094,37.4900016784668,38.04999923706055,26.536291122436523,9349100,0.00897612773355067
2004-09-01,37.40999984741211,38.5,37.36000061035156,37.9900016784668,26.494455337524414,12677400,-0.00157779387935437
2004-09-02,37.77000045776367,39.0,37.7599983215332,38.81999969482422,27.073291778564453,9165100,0.021612220138460123
2004-09-03,38.41999816894531,38.95000076293945,38.040000915527344,38.4900016784668,26.843149185180664,9067200,-0.008537061683904718
2004-09-07,38.599998474121094,39.869998931884766,38.58000183105469,39.33000183105469,27.428966522216797,15382900,0.021588990316245487
2004-09-08,38.75,39.95000076293945,38.70000076293945,39.5099983215332,27.55450439453125,15800000,0.004566393803946413
2004-09-09,39.9900016784668,40.0,39.119998931884766,39.650001525878906,27.652137756347656,15331000,0.0035370187281601627
2004-09-10,39.38999938964844,39.540000915527344,38.90999984741211,39.4900016784668,27.540550231933594,12550100,-0.004043567382685924
2004-09-13,39.81999969482422,41.16999816894531,39.58000183105469,40.400001525878906,28.17519187927246,15148200,0.022782397695674403
2004-09-14,40.040000915527344,41.0,39.97999954223633,40.900001525878906,28.52390480041504,12026200,0.012300630465080254
2004-09-15,40.58000183105469,40.81999969482422,40.099998474121094,40.56999969482422,28.29374885559082,10598300,-0.008101608880009976
2004-09-16,40.040000915527344,40.95000076293945,39.88999938964844,40.400001525878906,28.17519187927246,13151600,-0.00419902158507035
2004-09-17,37.560001373291016,39.470001220703125,37.5,38.83000183105469,27.08027458190918,51237500,-0.0396362825200605
2004-09-20,38.0,38.630001068115234,37.90999984741211,38.41999816894531,26.794334411621094,17974400,-0.010615125032890216
2004-09-21,38.290000915527344,39.7599983215332,38.290000915527344,39.45000076293945,27.512653350830078,12832300,0.02645555808060413
2004-09-22,38.72999954223633,38.95000076293945,38.29999923706055,38.68000030517578,26.97565269470215,14366300,-0.01971131356399933
2004-09-23,38.79999923706055,39.08000183105469,38.52000045776367,38.720001220703125,27.0035457611084,10338700,0.0010334747342248688
2004-09-24,38.709999084472656,38.81999969482422,38.04999923706055,38.25,26.675771713256836,10386900,-0.012212454891731433
2004-09-27,37.95000076293945,38.63999938964844,37.81999969482422,38.0099983215332,26.50839614868164,11908400,-0.006294208366167379
2004-09-28,38.22999954223633,38.400001525878906,37.79999923706055,38.09000015258789,26.56417465209961,9850600,0.00210197181381899
2004-09-29,37.97999954223633,39.029998779296875,37.709999084472656,38.95000076293945,27.163949966430664,12337000,0.022327234919129083
2004-09-30,38.689998626708984,39.08000183105469,38.349998474121094,39.040000915527344,27.22672462463379,14978900,0.002308288564099181
2004-10-01,39.400001525878906,40.61000061035156,39.16999816894531,40.45000076293945,28.210063934326172,15423500,0.0354797774756775
2004-10-04,40.77000045776367,41.4900016784668,40.709999084472656,40.970001220703125,28.572710037231445,13721100,0.012773276407688444
2004-10-05,40.68000030517578,41.41999816894531,40.45000076293945,41.189998626708984,28.72614097595215,8888800,0.005355475815719457
2004-10-06,40.95000076293945,41.81999969482422,40.4900016784668,41.81999969482422,29.16550064086914,12025300,0.015178982263218918
2004-10-07,41.709999084472656,41.9900016784668,41.349998474121094,41.380001068115234,28.8586483001709,8485200,-0.010576810066023274
2004-10-08,41.25,41.560001373291016,40.7599983215332,40.91999816894531,28.5378475189209,9056900,-0.011178526398023168
2004-10-11,41.06999969482422,41.349998474121094,40.91999816894531,41.209999084472656,28.740089416503906,5750300,0.007061802462543188
2004-10-12,40.779998779296875,41.63999938964844,40.779998779296875,41.540000915527344,28.970243453979492,9001100,0.007976223536728874
2004-10-13,42.150001525878906,42.15999984741211,40.90999984741211,41.54999923706055,28.977209091186523,10549600,0.00024041219879863447
2004-10-14,41.650001525878906,42.290000915527344,41.5,42.15999984741211,29.402624130249023,10539800,0.01457429888946694
2004-10-15,42.380001068115234,42.790000915527344,41.88999938964844,42.470001220703125,29.618825912475586,13447600,0.007326243225161117
2004-10-18,42.130001068115234,43.61000061035156,42.04999923706055,43.599998474121094,30.406892776489258,11199200,0.026259149062539153
2004-10-19,44.16999816894531,44.400001525878906,42.7400016784668,42.79999923706055,29.84895896911621,15647300,-0.018519354956206043
2004-10-20,42.56999969482422,43.689998626708984,42.54999923706055,43.40999984741211,30.274385452270508,12360200,0.014152026557662718
2004-10-21,43.54999923706055,44.20000076293945,42.810001373291016,44.08000183105469,30.74165153503418,11257900,0.015316472213885936
2004-10-22,44.369998931884766,44.40999984741211,41.93000030517578,42.0,29.29104232788086,14411500,-0.04833671591308833
2004-10-25,41.79999923706055,42.220001220703125,40.880001068115234,41.13999938964844,28.691261291503906,15751800,-0.02068915489828414
2004-10-26,39.7599983215332,39.90999984741211,38.68000030517578,39.5,27.547527313232422,23278100,-0.04067981290896266
2004-10-27,40.029998779296875,41.540000915527344,38.7400016784668,41.02000045776367,28.607576370239258,17911600,0.037758811919017074
2004-10-28,40.790000915527344,42.20000076293945,40.439998626708984,41.4900016784668,28.935375213623047,12109100,0.011393311613340918
2004-10-29,41.33000183105469,42.150001525878906,40.959999084472656,41.599998474121094,29.012083053588867,12974200,0.0026474978218174127
2004-11-01,41.0,41.150001525878906,40.189998626708984,40.560001373291016,28.28680419921875,16685800,-0.02531698703686252
2004-11-02,40.599998474121094,41.060001373291016,40.2599983215332,40.880001068115234,28.509952545166016,16123600,0.007857825232851105
2004-11-03,41.099998474121094,41.290000915527344,39.2599983215332,39.869998931884766,27.805580139160156,26121500,-0.025016513440975746
2004-11-04,38.27000045776367,38.75,37.86000061035156,38.06999969482422,26.55023956298828,40480400,-0.046197954249048864
2004-11-05,38.540000915527344,38.79999923706055,37.95000076293945,38.27000045776367,26.689729690551758,22191000,0.005240064887301581
2004-11-08,37.95000076293945,38.75,37.77000045776367,38.65999984741211,26.96170997619629,11989500,0.01013887482689996
2004-11-09,38.869998931884766,39.18000030517578,38.599998474121094,39.0,27.19881820678711,14958300,0.008755813628649594
2004-11-10,38.869998931884766,39.40999984741211,38.63999938964844,38.84000015258789,27.08724021911621,13989100,-0.004110747695777071
2004-11-11,39.369998931884766,40.099998474121094,39.13999938964844,40.09000015258789,27.959001541137695,12600300,0.03167643008585895
2004-11-12,40.16999816894531,40.290000915527344,39.52000045776367,40.20000076293945,28.035701751708984,13637000,0.0027395540660600623
2004-11-15,40.2599983215332,40.66999816894531,39.810001373291016,40.189998626708984,28.028732299804688,12540800,-0.00024862293031595464
2004-11-16,39.84000015258789,40.04999923706055,39.41999816894531,39.63999938964844,27.645170211791992,10941000,-0.01377910077781054
2004-11-17,40.189998626708984,41.13999938964844,40.0,40.810001373291016,28.461130142211914,14885000,0.029088264892929473
2004-11-18,40.79999923706055,41.5,40.400001525878906,41.2400016784668,28.76101303100586,11022200,0.01048145412278545
2004-11-19,41.540000915527344,41.59000015258789,40.119998931884766,40.119998931884766,27.97992706298828,9795100,-0.02753339336319849
2004-11-22,39.880001068115234,41.099998474121094,39.5099983215332,40.9900016784668,28.58666229248047,10582100,0.0214528931607676
2004-11-23,41.04999923706055,41.209999084472656,40.209999084472656,40.72999954223633,28.405338287353516,9998900,-0.006363160271486383
2004-11-24,41.04999923706055,41.77000045776367,40.900001525878906,41.65999984741211,29.053916931152344,9370100,0.022576212959483647
2004-11-26,41.56999969482422,41.900001525878906,41.400001525878906,41.400001525878906,28.872602462768555,2645800,-0.006260174525245764
2004-11-29,41.349998474121094,42.279998779296875,41.15999984741211,41.59000015258789,29.005104064941406,10461700,0.0045786829370428215
2004-11-30,41.400001525878906,41.939998626708984,41.369998931884766,41.619998931884766,29.02604103088379,10608700,0.0007215768986206694
2004-12-01,41.68000030517578,43.189998626708984,41.650001525878906,43.060001373291016,30.030290603637695,17134100,0.03401316542135182
2004-12-02,42.779998779296875,43.70000076293945,42.599998474121094,43.619998931884766,30.420841217041016,14356800,0.01292138080972141
2004-12-03,43.880001068115234,44.58000183105469,43.459999084472656,43.5,30.337156295776367,16151700,-0.0027546982326492786
2004-12-06,43.29999923706055,44.0,43.099998474121094,43.34000015258789,30.274276733398438,10367100,-0.0020748423785180293
2004-12-07,43.540000915527344,43.959999084472656,42.75,42.86000061035156,29.938997268676758,12680400,-0.011136512187310033
2004-12-08,43.04999923706055,43.7400016784668,43.029998779296875,43.599998474121094,30.455894470214844,11731400,0.017117667012088347
2004-12-09,42.900001525878906,43.7599983215332,42.220001220703125,43.43000030517578,30.3371524810791,16693900,-0.003906438189671023
2004-12-10,43.54999923706055,43.59000015258789,42.939998626708984,43.29999923706055,30.24634552001953,9417600,-0.0029977479696178064
2004-12-13,43.63999938964844,44.0,43.38999938964844,43.900001525878906,30.665454864501953,9367800,0.013761404388929416
2004-12-14,43.619998931884766,44.150001525878906,43.279998779296875,44.040000915527344,30.763269424438477,13174300,0.003184654857758298
2004-12-15,43.84000015258789,44.5,43.54999923706055,44.34000015258789,30.97280502319336,12139800,0.006788134983455849
2004-12-16,44.380001068115234,44.75,43.220001220703125,43.45000076293945,30.35111427307129,13545000,-0.02027633121736372
2004-12-17,43.88999938964844,43.97999954223633,43.0099983215332,43.36000061035156,30.28825569152832,17094100,-0.0020731944970477888
2004-12-20,43.439998626708984,43.70000076293945,42.849998474121094,42.939998626708984,29.99488067626953,10797900,-0.009733313462562601
2004-12-21,43.189998626708984,44.25,43.08000183105469,43.97999954223633,30.721332550048828,12968200,0.02393056164249849
2004-12-22,43.56999969482422,44.630001068115234,43.540000915527344,44.439998626708984,31.04266357421875,19654200,0.01040521803961143
2004-12-23,44.5099983215332,44.9900016784668,44.41999816894531,44.54999923706055,31.119504928588867,9369000,0.0024722880607307204
2004-12-27,44.65999984741211,44.90999984741211,43.25,43.439998626708984,30.344127655029297,12580200,-0.02523177941333326
2004-12-28,43.88999938964844,43.939998626708984,43.2599983215332,43.5099983215332,30.39302635192871,10974800,0.0016101744727329487
2004-12-29,43.33000183105469,43.369998931884766,42.5,42.84000015258789,29.92500877380371,11980500,-0.015518641141581293
2004-12-30,42.619998931884766,42.97999954223633,42.22999954223633,42.689998626708984,29.820228576660156,6364000,-0.003507570116600635
2004-12-31,42.83000183105469,42.95000076293945,42.29999923706055,42.400001525878906,29.617673873901367,6024900,-0.006815701043487314
2005-01-03,42.70000076293945,43.27000045776367,41.709999084472656,42.31999969482422,29.56179428100586,13651100,-0.001888479611085551
2005-01-04,42.970001220703125,43.20000076293945,42.08000183105469,42.130001068115234,29.429067611694336,18800300,-0.004499913682242188
2005-01-05,42.13999938964844,42.83000183105469,42.02000045776367,42.310001373291016,29.554792404174805,13725000,0.004263030017050714
2005-01-06,42.5,43.439998626708984,42.45000076293945,43.0,30.036785125732422,14199100,0.016176891185630555
2005-01-07,43.40999984741211,43.709999084472656,42.72999954223633,43.220001220703125,30.190454483032227,12014000,0.005102996310895749
2005-01-10,43.099998474121094,43.650001525878906,42.790000915527344,43.150001525878906,30.14156723022461,10470700,-0.0016206075022524437
2005-01-11,42.880001068115234,43.5,42.779998779296875,43.2400016784668,30.204439163208008,10721700,0.0020837155427314135
2005-01-12,43.34000015258789,43.36000061035156,42.33000183105469,43.119998931884766,30.120609283447266,10684800,-0.002779274476536112
2005-01-13,42.869998931884766,42.90999984741211,42.04999923706055,42.099998474121094,29.408096313476562,12812000,-0.023939610015878014
2005-01-14,42.310001373291016,42.70000076293945,42.099998474121094,42.209999084472656,29.484941482543945,9216600,0.002609653553448331
2005-01-18,41.880001068115234,42.970001220703125,41.52000045776367,42.619998931884766,29.77133560180664,16339800,0.009666363240240521
2005-01-19,42.4900016784668,42.58000183105469,41.029998779296875,41.06999969482422,28.688621520996094,23923600,-0.03704545656861101
2005-01-20,38.369998931884766,38.63999938964844,37.540000915527344,37.779998779296875,26.390445709228516,51373600,-0.0834985417750014
2005-01-21,37.810001373291016,38.2599983215332,35.779998779296875,37.79999923706055,26.40442657470703,33592900,0.0005296296856307582
2005-01-24,37.79999923706055,37.91999816894531,36.349998474121094,36.540000915527344,25.524280548095703,23281400,-0.033901491894213695
2005-01-25,36.84000015258789,37.25,36.59000015258789,36.65999984741211,25.608102798461914,16445600,0.003278639483131183
2005-01-26,36.65999984741211,37.16999816894531,36.63999938964844,36.900001525878906,25.77574348449707,13524000,0.006525057696382144
2005-01-27,36.900001525878906,37.060001373291016,35.77000045776367,36.13999938964844,25.244871139526367,16776200,-0.0208108627643475
2005-01-28,36.15999984741211,36.5099983215332,35.63999938964844,36.349998474121094,25.391559600830078,15142000,0.005793807718980303
2005-01-31,36.939998626708984,37.40999984741211,36.90999984741211,37.2400016784668,26.01325225830078,15400900,0.024189290788788467
2005-02-01,37.13999938964844,37.31999969482422,36.630001068115234,36.83000183105469,25.72685432434082,12610000,-0.011070748708619215
2005-02-02,36.7599983215332,36.880001068115234,36.0099983215332,36.38999938964844,25.41950798034668,10757200,-0.01201845173900325
2005-02-03,36.220001220703125,36.599998474121094,35.810001373291016,36.11000061035156,25.223920822143555,9473100,-0.0077241267132160535
2005-02-04,36.13999938964844,37.09000015258789,35.900001525878906,36.95000076293945,25.810678482055664,10481500,0.022995517701211332
2005-02-07,36.63999938964844,37.4900016784668,35.869998931884766,35.97999954223633,25.13310432434082,15333500,-0.0266024264094668
2005-02-08,35.83000183105469,36.43000030517578,35.36000061035156,36.2400016784668,25.314722061157227,13963000,0.007200251605345536
2005-02-09,36.31999969482422,36.369998931884766,35.41999816894531,35.689998626708984,24.930532455444336,11344200,-0.015292870818388652
2005-02-10,35.900001525878906,35.9900016784668,35.29999923706055,35.310001373291016,24.66509246826172,9819500,-0.010704271682321603
2005-02-11,35.349998474121094,36.2400016784668,34.36000061035156,36.15999984741211,25.258838653564453,17975000,0.023787156510096556
2005-02-14,36.15999984741211,37.31999969482422,36.099998474121094,37.16999816894531,25.964353561401367,14373900,0.02754844029337196
2005-02-15,36.970001220703125,37.720001220703125,36.540000915527344,36.880001068115234,25.76178550720215,18342100,-0.007832368446872654
2005-02-16,36.630001068115234,36.720001220703125,35.75,35.9900016784668,25.14008140563965,16187300,-0.024428770752763472
2005-02-17,35.9900016784668,36.0,35.040000915527344,35.349998474121094,24.693031311035156,14957200,-0.017942370578714343
2005-02-18,35.349998474121094,35.599998474121094,34.59000015258789,34.63999938964844,24.197072982788086,16165800,-0.020289395947409285
2005-02-22,34.040000915527344,35.029998779296875,34.0,34.540000915527344,24.12721061706543,20611400,-0.002891399900433065
2005-02-23,34.7400016784668,34.81999969482422,34.130001068115234,34.130001068115234,23.889245986938477,16148900,-0.009911875852404602
2005-02-24,34.040000915527344,35.619998931884766,33.9900016784668,35.5099983215332,24.855159759521484,21900300,0.039636968217106834
2005-02-25,35.369998931884766,37.119998931884766,35.279998779296875,37.0,25.89807891845703,22554000,0.04110342573471607
2005-02-28,37.0,37.220001220703125,35.459999084472656,36.04999923706055,25.233139038085938,20195700,-0.026010621120095077
2005-03-01,36.209999084472656,36.880001068115234,36.060001373291016,36.36000061035156,25.450124740600586,13193100,0.008562472581469699
2005-03-02,35.93000030517578,36.869998931884766,35.709999084472656,36.279998779296875,25.39412498474121,12935000,-0.00220279692613883
2005-03-03,36.5099983215332,36.59000015258789,35.220001220703125,35.40999984741211,24.785171508789062,15917500,-0.02427229614625135
2005-03-04,35.79999923706055,36.08000183105469,35.5,35.5,24.84816551208496,12809600,0.0025383760553430498
2005-03-07,35.45000076293945,37.599998474121094,35.400001525878906,37.38999938964844,26.171066284179688,24949000,0.051870532869190036
2005-03-08,37.06999969482422,37.880001068115234,36.209999084472656,36.290000915527344,25.401134490966797,21097500,-0.02986062220977481
2005-03-09,36.029998779296875,37.060001373291016,35.849998474121094,36.7400016784668,25.716102600097656,18515500,0.012323517983564219
2005-03-10,36.79999923706055,37.36000061035156,36.34000015258789,37.08000183105469,25.954097747802734,14765700,0.009212150492791171
2005-03-11,37.650001525878906,37.93000030517578,37.29999923706055,37.349998474121094,26.14307403564453,22351800,0.0072547936950238204
2005-03-14,37.59000015258789,37.79999923706055,37.0,37.459999084472656,26.22006607055664,13265400,0.0029406979886862795
2005-03-15,37.91999816894531,38.369998931884766,37.70000076293945,38.11000061035156,26.675033569335938,21539300,0.017203057458057464
2005-03-16,37.88999938964844,38.540000915527344,37.599998474121094,37.7599983215332,26.430042266845703,21371400,-0.009226727829325578
2005-03-17,37.709999084472656,37.79999923706055,36.83000183105469,36.880001068115234,25.814096450805664,16148600,-0.023580611032684266
2005-03-18,36.599998474121094,36.7400016784668,36.029998779296875,36.470001220703125,25.527116775512695,22650200,-0.011179426668589931
2005-03-21,36.33000183105469,36.970001220703125,36.209999084472656,36.529998779296875,25.569114685058594,12594000,0.0016438754014951697
2005-03-22,36.77000045776367,37.15999984741211,35.970001220703125,36.0,25.19814682006836,15078900,-0.014614712587665644
2005-03-23,35.97999954223633,36.68000030517578,35.880001068115234,36.310001373291016,25.415122985839844,12659500,0.008573937064532147
2005-03-24,36.36000061035156,36.650001525878906,35.7599983215332,35.7599983215332,25.03015899658203,12781700,-0.015262932327517078
2005-03-28,35.86000061035156,36.560001373291016,35.77000045776367,36.189998626708984,25.33112907409668,12621400,0.011952579935485777
2005-03-29,36.150001525878906,36.45000076293945,35.369998931884766,35.75,25.023147583007812,15597700,-0.012232737795143948
2005-03-30,36.04999923706055,37.0,36.0099983215332,36.90999984741211,25.835092544555664,17994800,0.03193244406708138
2005-03-31,36.810001373291016,37.209999084472656,36.36000061035156,36.630001068115234,25.63910675048828,14235900,-0.0076149505503972925
2005-04-01,36.630001068115234,36.7400016784668,35.38999938964844,35.54999923706055,24.883161544799805,19724500,-0.02992746178674965
2005-04-04,35.650001525878906,36.349998474121094,35.25,36.08000183105469,25.254148483276367,13061300,0.014799107059203514
2005-04-05,36.09000015258789,36.439998626708984,35.52000045776367,35.650001525878906,24.95315933227539,13062500,-0.011989997868412294
2005-04-06,35.369998931884766,35.97999954223633,34.91999816894531,35.119998931884766,24.58218002319336,14206500,-0.014978649584637151
2005-04-07,34.959999084472656,35.650001525878906,34.88999938964844,35.16999816894531,24.617191314697266,14157500,0.0014232416578419805
2005-04-08,35.2599983215332,35.33000183105469,34.779998779296875,34.900001525878906,24.428205490112305,14574400,-0.007706605400149248
2005-04-11,34.93000030517578,35.08000183105469,34.36000061035156,34.4900016784668,24.141223907470703,14597100,-0.011817512621734867
2005-04-12,34.349998474121094,34.70000076293945,33.900001525878906,34.599998474121094,24.218215942382812,17125600,0.0031841601227060234
2005-04-13,34.38999938964844,34.560001373291016,32.88999938964844,32.900001525878906,23.02829933166504,27062400,-0.05038120957427047
2005-04-14,33.290000915527344,33.970001220703125,32.70000076293945,33.56999969482422,23.49726676940918,27519300,0.0201602413762106
2005-04-15,33.310001373291016,33.84000015258789,32.66999816894531,32.689998626708984,22.88131332397461,21681200,-0.026563541313518332
2005-04-18,32.150001525878906,33.15999984741211,32.08000183105469,32.52000045776367,22.762325286865234,18060200,-0.005213795844280462
2005-04-19,32.72999954223633,33.2599983215332,32.70000076293945,32.79999923706055,22.95831298828125,15603300,0.008573323088373339
2005-04-20,33.0,33.43000030517578,32.709999084472656,33.209999084472656,23.245285034179688,21404100,0.012422224607295822
2005-04-21,33.04999923706055,35.060001373291016,33.0,34.709999084472656,24.295209884643555,36225700,0.04417688958724863
2005-04-22,34.470001220703125,34.88999938964844,33.59000015258789,33.91999816894531,23.74225425720215,15097400,-0.02302286607854702
2005-04-25,34.0,34.7599983215332,33.91999816894531,34.66999816894531,24.2672061920166,13101100,0.02186955872716787
2005-04-26,34.400001525878906,35.04999923706055,34.150001525878906,34.5,24.148221969604492,19114300,-0.0049151465337241825
2005-04-27,34.130001068115234,35.5,34.119998931884766,35.349998474121094,24.74317741394043,17604500,0.024339038029524904
2005-04-28,35.0,35.400001525878906,34.68000030517578,34.84000015258789,24.386199951171875,13057400,-0.014532394441470291
2005-04-29,34.900001525878906,35.18000030517578,34.209999084472656,34.88999938964844,24.421201705932617,14668300,0.0014342808497366456
2005-05-02,34.84000015258789,35.31999969482422,34.7599983215332,35.04999923706055,24.533184051513672,8969900,0.004574974812486855
2005-05-03,35.09000015258789,35.2400016784668,34.52000045776367,34.66999816894531,24.2672061920166,12396200,-0.010900752716554071
2005-05-04,34.869998931884766,35.7599983215332,34.709999084472656,35.650001525878906,24.95315933227539,11216100,0.027874541250293098
2005-05-05,35.52000045776367,35.86000061035156,34.95000076293945,35.15999984741211,24.61018180847168,11445700,-0.013840188764294752
2005-05-06,35.41999816894531,35.810001373291016,35.36000061035156,35.58000183105469,24.9041690826416,10565600,0.011874970532257861
2005-05-09,35.5,36.33000183105469,35.2400016784668,36.040000915527344,25.22614097595215,13549700,0.012845574674139451
2005-05-10,35.63999938964844,35.970001220703125,35.2599983215332,35.59000015258789,24.911161422729492,9185200,-0.012564844221771562
2005-05-11,35.59000015258789,36.29999923706055,35.189998626708984,36.150001525878906,25.303133010864258,10849000,0.015612269542639274
2005-05-12,35.959999084472656,36.38999938964844,35.459999084472656,35.689998626708984,24.98116111755371,10177000,-0.012806236983297008
2005-05-13,35.31999969482422,35.79999923706055,34.9900016784668,35.29999923706055,24.708173751831055,16743600,-0.010987875486465303
2005-05-16,35.040000915527344,35.47999954223633,34.810001373291016,35.34000015258789,24.736169815063477,7935100,0.0011324274610451193
2005-05-17,34.939998626708984,36.11000061035156,34.939998626708984,36.09000015258789,25.26112937927246,10160600,0.021000288628428676
2005-05-18,36.2400016784668,37.20000076293945,36.09000015258789,36.54999923706055,25.58310890197754,17016700,0.012665499091729933
2005-05-19,36.220001220703125,36.880001068115234,35.95000076293945,36.61000061035156,25.625102996826172,14241500,0.001640131639253878
2005-05-20,36.630001068115234,37.5,36.34000015258789,37.33000183105469,26.129072189331055,13746800,0.019476114574995165
2005-05-23,37.220001220703125,37.75,36.90999984741211,37.189998626708984,26.031078338623047,13447000,-0.003757426503104202
2005-05-24,36.97999954223633,37.310001373291016,36.790000915527344,37.099998474121094,25.968088150024414,8759200,-0.002422739580771338
2005-05-25,36.72999954223633,37.099998474121094,36.43000030517578,36.77000045776367,25.79969024658203,7602600,-0.006505919420885644
2005-05-26,37.150001525878906,37.68000030517578,36.91999816894531,37.43000030517578,26.262788772583008,10605000,0.01779057582589387
2005-05-27,37.29999923706055,37.5099983215332,37.060001373291016,37.15999984741211,26.073339462280273,4976700,-0.007239746010007506
2005-05-31,37.060001373291016,37.560001373291016,36.88999938964844,37.27000045776367,26.1505069732666,9607400,0.0029552617210564665
2005-06-01,37.0099983215332,38.36000061035156,36.97999954223633,38.099998474121094,26.732881546020508,15292300,0.02202574884075254
2005-06-02,37.880001068115234,38.400001525878906,37.79999923706055,38.25,26.8381290435791,9325900,0.0039292756217103545
2005-06-03,38.369998931884766,38.52000045776367,37.54999923706055,37.599998474121094,26.382062911987305,10080000,-0.01713925782886409
2005-06-06,37.61000061035156,38.0,37.560001373291016,37.790000915527344,26.515380859375,7936900,0.005040630327689953
2005-06-07,37.97999954223633,38.06999969482422,37.150001525878906,37.2599983215332,26.14349937438965,10885800,-0.014124404689451996
2005-06-08,37.470001220703125,37.5099983215332,36.86000061035156,36.93000030517578,25.911951065063477,8717200,-0.008896276355407148
2005-06-09,36.709999084472656,36.810001373291016,36.150001525878906,36.540000915527344,25.638309478759766,13919200,-0.01061659644933138
2005-06-10,36.5099983215332,36.619998931884766,35.72999954223633,36.0,25.25942039489746,16079000,-0.014888525824188396
2005-06-13,35.66999816894531,36.869998931884766,35.65999984741211,36.130001068115234,25.350629806518555,11838200,0.0036044030782563406
2005-06-14,36.0,36.15999984741211,34.97999954223633,35.08000183105469,24.613901138305664,18840000,-0.02949220390735662
2005-06-15,35.150001525878906,35.279998779296875,34.630001068115234,34.86000061035156,24.45953941345215,20447100,-0.006291070372190107
2005-06-16,34.7400016784668,35.11000061035156,34.720001220703125,34.970001220703125,24.536720275878906,11126900,0.003150482373740225
2005-06-17,35.459999084472656,35.79999923706055,34.70000076293945,34.900001525878906,24.487607955932617,20838100,-0.0020035903865388014
2005-06-20,34.63999938964844,35.61000061035156,34.599998474121094,35.209999084472656,24.705121994018555,10211600,0.008843398440180778
2005-06-21,35.15999984741211,35.40999984741211,34.97999954223633,35.119998931884766,24.641969680786133,11871500,-0.002559516500998562
2005-06-22,35.150001525878906,35.2599983215332,34.45000076293945,34.90999984741211,24.4946231842041,12611300,-0.005997442217831992
2005-06-23,34.90999984741211,35.13999938964844,33.9900016784668,34.0,23.856121063232422,16695500,-0.026412798836824868
2005-06-24,34.0,34.38999938964844,33.58000183105469,33.58000183105469,23.561424255371094,11017100,-0.012430023537808175
2005-06-27,33.45000076293945,34.130001068115234,33.43000030517578,33.59000015258789,23.568443298339844,8907600,0.000297859653971903
2005-06-28,33.900001525878906,33.93000030517578,33.45000076293945,33.5,23.50528907775879,12671200,-0.0026832059105435287
2005-06-29,33.540000915527344,33.880001068115234,33.400001525878906,33.540000915527344,23.533361434936523,9445500,0.0011935869845130507
2005-06-30,33.63999938964844,33.709999084472656,33.0,33.0099983215332,23.161481857299805,13607700,-0.015928415815738315
2005-07-01,33.2400016784668,34.099998474121094,33.18000030517578,33.599998474121094,23.575450897216797,12764600,0.017715320277812693
2005-07-05,33.2400016784668,33.79999923706055,33.099998474121094,33.59000015258789,23.568443298339844,10230700,-0.0002972855360440155
2005-07-06,33.349998474121094,33.95000076293945,33.150001525878906,33.400001525878906,23.435123443603516,13323600,-0.005672770025774766
2005-07-07,33.099998474121094,33.650001525878906,32.97999954223633,33.470001220703125,23.484243392944336,12956300,0.002093803501532513
2005-07-08,33.45000076293945,34.84000015258789,33.34000015258789,34.75,24.382356643676758,15089500,0.03753008001948457
2005-07-11,34.66999816894531,35.400001525878906,34.65999984741211,35.20000076293945,24.698101043701172,13992100,0.012866577485872471
2005-07-12,35.20000076293945,35.33000183105469,34.529998779296875,35.099998474121094,24.6279239654541,13653800,-0.0028454401336118116
2005-07-13,35.0,35.150001525878906,34.79999923706055,34.91999816894531,24.501625061035156,11671800,-0.005141475350170785
2005-07-14,35.0,35.459999084472656,34.97999954223633,35.349998474121094,24.8033447265625,12202100,0.012239067710764828
2005-07-15,35.45000076293945,35.689998626708984,35.040000915527344,35.58000183105469,24.964723587036133,13313800,0.006485259788278613
2005-07-18,35.349998474121094,35.5,35.119998931884766,35.119998931884766,24.641969680786133,9952400,-0.013012698057882546
2005-07-19,35.2599983215332,35.83000183105469,34.779998779296875,35.79999923706055,25.119089126586914,9394000,0.01917700624426441
2005-07-20,35.45000076293945,36.16999816894531,35.25,36.09000015258789,25.322559356689453,18627000,0.008067592547387056
2005-07-21,37.4900016784668,39.29999923706055,37.380001068115234,39.0099983215332,27.37137794494629,48583900,0.07780219426355035
2005-07-22,38.7400016784668,39.4900016784668,38.61000061035156,39.29999923706055,27.574867248535156,17202600,0.007406884062395397
2005-07-25,38.9900016784668,39.63999938964844,38.939998626708984,39.290000915527344,27.567859649658203,13584000,-0.0002541622189854933
2005-07-26,39.2400016784668,39.75,39.15999984741211,39.540000915527344,27.743267059326172,12280600,0.006342593548013762
2005-07-27,39.380001068115234,40.27000045776367,39.310001373291016,40.150001525878906,28.171266555786133,15721500,0.015309359773687583
2005-07-28,39.970001220703125,40.18000030517578,39.540000915527344,39.779998779296875,27.91166114807129,13470800,-0.009257978232454004
2005-07-29,39.81999969482422,40.150001525878906,39.41999816894531,39.47999954223633,27.701171875,11922100,-0.007569845546772138
2005-08-01,39.2400016784668,39.52000045776367,38.81999969482422,39.0,27.36437225341797,9241500,-0.01223283368415232
2005-08-02,39.029998779296875,39.83000183105469,38.91999816894531,39.650001525878906,27.820432662963867,9555400,0.01652885403072853
2005-08-03,39.349998474121094,40.0,39.220001220703125,39.93000030517578,28.016908645629883,9491000,0.007037469512319323
2005-08-04,39.5099983215332,39.91999816894531,39.29999923706055,39.560001373291016,27.75728988647461,8057700,-0.009309703809092624
2005-08-05,39.33000183105469,39.709999084472656,38.97999954223633,39.15999984741211,27.476640701293945,7360500,-0.010162289645510247
2005-08-08,39.08000183105469,39.68000030517578,39.08000183105469,39.20000076293945,27.504697799682617,7070800,0.0010206045028753165
2005-08-09,39.20000076293945,39.5099983215332,38.61000061035156,38.77000045776367,27.202987670898438,9320800,-0.011030011050525472
2005-08-10,39.560001373291016,40.209999084472656,39.13999938964844,39.209999084472656,27.5117130279541,17915900,0.011285034168317777
2005-08-11,39.47999954223633,40.63999938964844,39.45000076293945,40.47999954223633,28.402809143066406,20087100,0.03187621148373733
2005-08-12,40.06999969482422,40.79999923706055,40.02000045776367,40.790000915527344,28.620328903198242,11620900,0.007629212373884172
2005-08-15,40.4900016784668,41.72999954223633,40.439998626708984,41.459999084472656,29.09042739868164,13779500,0.016291898550313287
2005-08-16,41.400001525878906,41.470001220703125,39.970001220703125,40.25,28.241426467895508,15978500,-0.02961924101941196
2005-08-17,40.2599983215332,40.54999923706055,39.79999923706055,40.119998931884766,28.150209426879883,10297200,-0.003235129434540781
2005-08-18,39.75,40.45000076293945,39.75,39.93000030517578,28.016908645629883,10096700,-0.00474658612004706
2005-08-19,39.880001068115234,40.52000045776367,39.79999923706055,40.209999084472656,28.2133731842041,9713800,0.006987883810491579
2005-08-22,40.25,41.150001525878906,40.25,40.54999923706055,28.451927185058594,10935200,0.008419805723016243
2005-08-23,40.43000030517578,40.869998931884766,40.27000045776367,40.290000915527344,28.269500732421875,7432700,-0.006432386783421814
2005-08-24,40.029998779296875,40.869998931884766,39.5099983215332,39.619998931884766,27.86162757873535,10081900,-0.014533124307263614
2005-08-25,39.970001220703125,40.119998931884766,39.59000015258789,40.060001373291016,28.171058654785156,8373100,0.011044775554858681
2005-08-26,39.91999816894531,40.13999938964844,39.5099983215332,39.849998474121094,28.023359298706055,7651100,-0.0052567390704052735
2005-08-29,39.560001373291016,40.25,39.54999923706055,39.970001220703125,28.107763290405273,7119400,0.0030073888217864047
2005-08-30,39.84000015258789,39.900001525878906,39.27000045776367,39.86000061035156,28.030414581298828,9717600,-0.0027556561678839706
2005-08-31,39.81999969482422,39.88999938964844,39.040000915527344,39.709999084472656,27.92491340637207,12051200,-0.003770911680363592
2005-09-01,39.470001220703125,40.2599983215332,39.43000030517578,40.0,28.128854751586914,9814400,0.007276664952408839
2005-09-02,39.9900016784668,40.349998474121094,39.869998931884766,39.959999084472656,28.100723266601562,6774200,-0.0010005939337950239
2005-09-06,40.189998626708984,40.77000045776367,40.0099983215332,40.54999923706055,28.51563262939453,9414300,0.01465713517483049
2005-09-07,40.439998626708984,40.849998474121094,40.380001068115234,40.599998474121094,28.550783157348633,9515100,0.001231916598052484
2005-09-08,41.029998779296875,41.970001220703125,40.70000076293945,41.7400016784668,29.35246467590332,16919400,0.027692151270971934
2005-09-09,41.81999969482422,42.959999084472656,41.36000061035156,42.810001373291016,30.104915618896484,19022600,0.025311949941880674
2005-09-12,42.47999954223633,42.70000076293945,42.2400016784668,42.54999923706055,29.92205810546875,9531000,-0.006092530331111297
2005-09-13,42.54999923706055,43.5099983215332,42.43000030517578,42.849998474121094,30.133028030395508,13376900,0.007025909255984477
2005-09-14,42.720001220703125,42.959999084472656,41.810001373291016,42.06999969482422,29.584524154663086,12493200,-0.01837045495137992
2005-09-15,42.27000045776367,42.5,41.9900016784668,42.25,29.711105346679688,8679900,0.00426950132293571
2005-09-16,42.45000076293945,43.36000061035156,42.20000076293945,43.31999969482422,30.463552474975586,19866600,0.025010074894483408
2005-09-19,43.16999816894531,43.29999923706055,42.34000015258789,42.709999084472656,30.034582138061523,10286800,-0.014181512504758971
2005-09-20,43.33000183105469,44.470001220703125,43.29999923706055,43.41999816894531,30.533870697021484,24303100,0.016487126399226046
2005-09-21,43.70000076293945,44.43000030517578,43.25,43.72999954223633,30.751880645751953,23322900,0.007114569489285766
2005-09-22,43.720001220703125,44.52000045776367,43.68000030517578,44.0,30.941740036010742,14952400,0.006154931013397029
2005-09-23,43.88999938964844,44.91999816894531,43.83000183105469,44.7599983215332,31.476186752319336,14108400,0.017125201213479893
2005-09-26,44.880001068115234,44.9900016784668,44.150001525878906,44.400001525878906,31.223033905029297,13015700,-0.00807519520285614
2005-09-27,44.540000915527344,44.84000015258789,44.08000183105469,44.349998474121094,31.187868118286133,9933100,-0.0011269117838269382
2005-09-28,44.470001220703125,44.849998474121094,44.13999938964844,44.5099983215332,31.300384521484375,13407200,0.003601205668078701
2005-09-29,44.400001525878906,45.04999923706055,44.209999084472656,44.9900016784668,31.637920379638672,18963100,0.010726030665734227
2005-09-30,44.90999984741211,45.02000045776367,44.349998474121094,44.75,31.469165802001953,12115900,-0.005348210164429014
2005-10-03,44.97999954223633,45.27000045776367,44.720001220703125,45.04999923706055,31.68012046813965,15035800,0.006681166591516158
2005-10-04,44.900001525878906,46.279998779296875,44.79999923706055,45.61000061035156,32.07392501831055,19054400,0.012354025717267866
2005-10-05,45.459999084472656,46.150001525878906,45.150001525878906,45.150001525878906,31.750438690185547,15570400,-0.010136853055221532
2005-10-06,45.06999969482422,45.470001220703125,43.650001525878906,44.150001525878906,31.047225952148438,18393000,-0.022397079184320247
2005-10-07,44.70000076293945,44.900001525878906,43.66999816894531,43.91999816894531,30.885480880737305,10768100,-0.005223264004313258
2005-10-10,43.83000183105469,44.540000915527344,43.52000045776367,43.68000030517578,30.716705322265625,9254700,-0.005479545164570567
2005-10-11,43.65999984741211,43.88999938964844,43.11000061035156,43.459999084472656,30.5620059967041,10189500,-0.005049050506327188
2005-10-12,43.20000076293945,43.880001068115234,42.25,42.349998474121094,29.781429290771484,17922700,-0.02587258230432449
2005-10-13,42.15999984741211,42.43000030517578,41.43000030517578,41.70000076293945,29.3243350982666,20228600,-0.015467300356514372
2005-10-14,42.099998474121094,42.439998626708984,41.36000061035156,41.93000030517578,29.48607063293457,15003300,0.0055002491617644825
2005-10-17,41.900001525878906,42.38999938964844,41.560001373291016,42.189998626708984,29.668899536132812,9849000,0.006181373596287318
2005-10-18,42.349998474121094,42.79999923706055,41.849998474121094,42.45000076293945,29.851741790771484,11950500,0.0061438460912162296
2005-10-19,42.5,44.150001525878906,42.18000030517578,44.02000045776367,30.955806732177734,19092400,0.03631740849551272
2005-10-20,43.900001525878906,44.709999084472656,43.08000183105469,43.349998474121094,30.484643936157227,17803000,-0.015337518758407139
2005-10-21,44.290000915527344,45.15999984741211,43.86000061035156,45.0,31.644954681396484,23218300,0.03735564680962654
2005-10-24,44.9900016784668,45.70000076293945,44.599998474121094,45.70000076293945,32.13722610473633,14469200,0.015436323816680584
2005-10-25,45.150001525878906,45.599998474121094,44.540000915527344,45.15999984741211,31.757476806640625,12242800,-0.011886862361052554
2005-10-26,45.0,45.9900016784668,44.52000045776367,44.849998474121094,31.539470672607422,15901800,-0.0068883889269637216
2005-10-27,44.54999923706055,44.63999938964844,42.90999984741211,43.04999923706055,30.273683547973633,18246700,-0.04096099330629517
2005-10-28,40.20000076293945,41.33000183105469,39.68000030517578,41.06999969482422,28.881303787231445,40710000,-0.047084347362103755
2005-10-31,40.61000061035156,40.90999984741211,39.02000045776367,39.7599983215332,27.9600772857666,39013200,-0.03241677647632784
2005-11-01,39.86000061035156,39.86000061035156,39.08000183105469,39.4900016784668,27.770214080810547,25237200,-0.006813671159819672
2005-11-02,39.41999816894531,40.63999938964844,39.119998931884766,40.380001068115234,28.396087646484375,27301900,0.022287366394209276
2005-11-03,42.70000076293945,44.459999084472656,42.52000045776367,44.02000045776367,30.955806732177734,44420000,0.0863092213304537
2005-11-04,44.40999984741211,44.880001068115234,43.439998626708984,44.79999923706055,31.50432777404785,19154600,0.017564327965431004
2005-11-07,44.83000183105469,45.2599983215332,44.36000061035156,44.63999938964844,31.39180564880371,14144000,-0.00357803378891467
2005-11-08,44.31999969482422,45.470001220703125,44.279998779296875,45.290000915527344,31.848905563354492,15616000,0.014456126951816911
2005-11-09,45.209999084472656,45.68000030517578,44.47999954223633,44.66999816894531,31.412904739379883,12935600,-0.013784231763079807
2005-11-10,44.970001220703125,45.66999816894531,44.310001373291016,45.65999984741211,32.10908889770508,13049500,0.02192034584254961
2005-11-11,45.599998474121094,46.150001525878906,45.22999954223633,45.41999816894531,31.940319061279297,12494600,-0.005270001157111834
2005-11-14,45.2400016784668,46.0,45.150001525878906,45.529998779296875,32.01768112182617,8470800,0.0024191531334386866
2005-11-15,45.61000061035156,45.779998779296875,44.529998779296875,44.939998626708984,31.602771759033203,13667300,-0.013043454625821562
2005-11-16,45.150001525878906,45.2400016784668,44.65999984741211,44.95000076293945,31.609806060791016,10402900,0.0002225601938556632
2005-11-17,45.2400016784668,45.65999984741211,44.959999084472656,45.529998779296875,32.01768112182617,13469700,0.012820894431965995
2005-11-18,45.7599983215332,46.31999969482422,45.310001373291016,45.93000030517578,32.29896545410156,19329200,0.00874691516537579
2005-11-21,45.650001525878906,46.290000915527344,45.54999923706055,46.08000183105469,32.40443801879883,11127100,0.0032601888759149255
2005-11-22,45.95000076293945,46.22999954223633,45.470001220703125,45.93000030517578,32.29896545410156,12539900,-0.0032601888759149497
2005-11-23,46.06999969482422,46.290000915527344,45.7599983215332,46.0099983215332,32.355186462402344,11393200,0.0017391310783501184
2005-11-25,46.15999984741211,46.22999954223633,45.93000030517578,46.18000030517578,32.47476577758789,3648700,0.0036890186299797846
2005-11-28,46.25,46.290000915527344,45.560001373291016,46.040000915527344,32.37630081176758,12526000,-0.0030366514126276465
2005-11-29,46.189998626708984,46.5099983215332,45.47999954223633,45.540000915527344,32.024696350097656,12345800,-0.01091933264064408
2005-11-30,45.470001220703125,46.13999938964844,45.40999984741211,45.470001220703125,31.975467681884766,11542000,-0.001538392242157701
2005-12-01,45.16999816894531,45.95000076293945,45.099998474121094,45.599998474121094,32.0668830871582,14437300,0.00285484421677238
2005-12-02,45.29999923706055,45.599998474121094,44.720001220703125,45.20000076293945,31.785600662231445,11473400,-0.008810440187331622
2005-12-05,45.0099983215332,45.31999969482422,44.34000015258789,44.4900016784668,31.34874725341797,11896000,-0.01383907161128084
2005-12-06,44.709999084472656,45.31999969482422,44.459999084472656,44.7400016784668,31.52488899230957,11078400,0.005603054323827959
2005-12-07,44.63999938964844,45.150001525878906,44.54999923706055,45.0,31.70810317993164,8919400,0.00579490845006379
2005-12-08,45.61000061035156,45.86000061035156,43.95000076293945,44.209999084472656,31.151445388793945,21431200,-0.01771162395449624
2005-12-09,44.52000045776367,44.79999923706055,44.06999969482422,44.45000076293945,31.320554733276367,10016000,0.005413937674846888
2005-12-12,44.43000030517578,45.29999923706055,44.43000030517578,45.20000076293945,31.84901237487793,9310300,0.016731790143155317
2005-12-13,45.279998779296875,46.2400016784668,45.18000030517578,45.84000015258789,32.299983978271484,14896100,0.014060361300402295
2005-12-14,45.75,46.599998474121094,45.63999938964844,46.22999954223633,32.57479476928711,15212300,0.008472088539198407
2005-12-15,46.540000915527344,46.58000183105469,45.45000076293945,45.7400016784668,32.22950744628906,11015000,-0.010656409489151118
2005-12-16,45.599998474121094,46.150001525878906,44.88999938964844,44.95000076293945,31.672863006591797,26690500,-0.017422155566623947
2005-12-19,45.41999816894531,45.5099983215332,43.650001525878906,43.689998626708984,30.78504753112793,14546000,-0.02843115535081018
2005-12-20,43.75,44.79999923706055,43.689998626708984,44.09000015258789,31.066892623901367,15948000,0.009113603966177287
2005-12-21,44.209999084472656,44.849998474121094,43.75,43.9900016784668,30.996427536010742,11117000,-0.0022707492279606346
2005-12-22,44.2400016784668,44.54999923706055,43.59000015258789,44.38999938964844,31.278282165527344,9768100,0.009052039116629352
2005-12-23,44.77000045776367,44.849998474121094,44.25,44.38999938964844,31.278282165527344,5372400,0.0
2005-12-27,44.27000045776367,44.68000030517578,43.40999984741211,43.63999938964844,30.74979591369629,8683300,-0.01704063890966431
2005-12-28,43.720001220703125,44.099998474121094,43.529998779296875,43.650001525878906,30.756860733032227,7204400,0.0002297253582677481
2005-12-29,43.790000915527344,44.119998931884766,43.41999816894531,43.540000915527344,30.67934799194336,7923800,-0.0025233582549014882
2005-12-30,43.22999954223633,43.5,42.97999954223633,43.08000183105469,30.355226516723633,8619800,-0.010621013572233261
2006-01-03,43.25,44.349998474121094,42.90999984741211,44.0,31.003477096557617,15828200,0.02113065179160516
2006-01-04,44.0,45.4900016784668,43.93000030517578,45.43000030517578,32.011085510253906,16828300,0.0319829024045725
2006-01-05,45.22999954223633,45.68000030517578,45.0,45.209999084472656,31.856067657470703,10866100,-0.004854393831962201
2006-01-06,45.54999923706055,47.38999938964844,45.36000061035156,47.36000061035156,33.37101745605469,26689700,0.04645991126806723
2006-01-09,46.939998626708984,47.70000076293945,46.90999984741211,47.56999969482422,33.51898193359375,14562900,0.0044241208022005405
2006-01-10,47.15999984741211,48.0,47.09000015258789,47.380001068115234,33.38510513305664,12886200,-0.004002056827700666
2006-01-11,47.54999923706055,49.45000076293945,47.29999923706055,48.79999923706055,34.38567352294922,20006000,0.029530163861158906
2006-01-12,48.599998474121094,49.29999923706055,48.27000045776367,49.0,34.52659606933594,16641700,0.004089917329952598
2006-01-13,48.91999816894531,49.0,48.060001373291016,48.63999938964844,34.2729377746582,11708600,-0.007373871009630091
2006-01-17,47.41999816894531,48.33000183105469,47.310001373291016,48.119998931884766,33.90652847290039,13164900,-0.010748480430192555
2006-01-18,47.41999816894531,48.47999954223633,47.400001525878906,47.75,33.645809173583984,13203900,-0.007719069478793913
2006-01-19,48.220001220703125,48.720001220703125,47.61000061035156,48.66999816894531,34.294063568115234,14107500,0.019083758689064135
2006-01-20,48.52000045776367,48.68000030517578,46.529998779296875,46.959999084472656,33.08915710449219,20935700,-0.035766616584724596
2006-01-23,47.15999984741211,47.189998626708984,46.5,46.91999816894531,33.060970306396484,10815900,-0.0008522069693539597
2006-01-24,47.25,48.29999923706055,46.959999084472656,48.06999969482422,33.871299743652344,13906600,0.02421459875090196
2006-01-25,48.220001220703125,48.599998474121094,47.11000061035156,47.58000183105469,33.52603530883789,17278000,-0.010245730187533433
2006-01-26,46.7400016784668,48.09000015258789,46.5,47.5,33.46965408325195,19732900,-0.0016831303448881481
2006-01-27,47.560001373291016,48.16999816894531,47.099998474121094,48.02000045776367,33.83606719970703,14465000,0.010888130440085344
2006-01-30,48.09000015258789,48.79999923706055,47.90999984741211,48.56999969482422,34.22359848022461,12418700,0.011388109678480871
2006-01-31,48.369998931884766,48.86000061035156,47.540000915527344,47.959999084472656,33.79378890991211,12809400,-0.012638394618726517
2006-02-01,47.33000183105469,48.29999923706055,47.130001068115234,47.93000030517578,33.77265167236328,12480900,-0.0006256726876897986
2006-02-02,47.59000015258789,47.90999984741211,46.869998931884766,46.880001068115234,33.03278732299805,9859400,-0.022150729394040492
2006-02-03,46.54999923706055,46.79999923706055,45.75,46.08000183105469,32.46908950805664,11569600,-0.017212078758662198
2006-02-06,45.81999969482422,46.34000015258789,45.5099983215332,45.93000030517578,32.36339569091797,8961700,-0.003260523191430699
2006-02-07,45.849998474121094,46.119998931884766,45.08000183105469,45.72999954223633,32.22245788574219,11864700,-0.004364362196426735
2006-02-08,45.849998474121094,47.130001068115234,45.810001373291016,46.970001220703125,33.096214294433594,11592300,0.026755244759687272
2006-02-09,47.04999923706055,47.31999969482422,46.060001373291016,46.15999984741211,32.525455474853516,9714900,-0.017395875933479885
2006-02-10,46.400001525878906,46.79999923706055,45.7400016784668,46.65999984741211,32.877769470214844,8898900,0.010773701250518778
2006-02-13,46.29999923706055,46.52000045776367,45.47999954223633,45.95000076293945,32.37748336791992,9316200,-0.015333505966791278
2006-02-14,46.36000061035156,47.959999084472656,46.09000015258789,47.599998474121094,33.54011535644531,16978800,0.03527897233548054
2006-02-15,47.27000045776367,47.959999084472656,46.75,47.34000015258789,33.35691833496094,12619900,-0.005476998585133767
2006-02-16,47.4900016784668,48.11000061035156,47.0,48.099998474121094,33.892433166503906,13906100,0.015926581870351744
2006-02-17,47.75,48.880001068115234,47.68000030517578,48.310001373291016,34.0404052734375,14806500,0.0043564303908253665
2006-02-21,48.08000183105469,48.189998626708984,46.709999084472656,46.939998626708984,33.07506561279297,11795200,-0.028768515677496897
2006-02-22,47.0,48.47999954223633,46.849998474121094,47.779998779296875,33.73161315917969,11531300,0.01965577982313804
2006-02-23,47.470001220703125,47.66999816894531,46.849998474121094,46.93000030517578,33.13154602050781,8423400,-0.017949593083686082
2006-02-24,47.09000015258789,47.279998779296875,46.58000183105469,47.189998626708984,33.31510543823242,7123000,0.0055250304007363835
2006-02-27,47.130001068115234,48.4900016784668,46.970001220703125,48.349998474121094,34.13404083251953,11439200,0.024284240340553216
2006-02-28,48.16999816894531,48.400001525878906,46.9900016784668,47.15999984741211,33.29391860961914,14225100,-0.02492039526492431
2006-03-01,47.22999954223633,48.290000915527344,46.790000915527344,48.029998779296875,33.90811538696289,10745900,0.01827962170975093
2006-03-02,47.349998474121094,48.7599983215332,47.2400016784668,47.83000183105469,33.76693344116211,12840000,-0.0041723545992146845
2006-03-03,47.459999084472656,48.7400016784668,47.27000045776367,47.630001068115234,33.6257209777832,11380300,-0.0041907436727258865
2006-03-06,47.54999923706055,48.36000061035156,47.099998474121094,47.2400016784668,33.35039520263672,12531500,-0.008221656965147586
2006-03-07,47.88999938964844,48.41999816894531,47.439998626708984,47.86000061035156,33.7880973815918,23360400,0.013038969551078899
2006-03-08,47.959999084472656,49.880001068115234,47.70000076293945,49.529998779296875,34.967098236083984,27269000,0.0342989769708134
2006-03-09,49.560001373291016,49.939998626708984,48.029998779296875,48.099998474121094,33.95754623413086,17084100,-0.029296464724465312
2006-03-10,47.970001220703125,48.650001525878906,47.5,48.0,33.88694763183594,11782900,-0.0020811896074180002
2006-03-13,48.650001525878906,48.83000183105469,47.95000076293945,48.209999084472656,34.035194396972656,10254100,0.00436520392649977
2006-03-14,48.099998474121094,49.369998931884766,48.0,49.25,34.76939392089844,12899100,0.02134239621295197
2006-03-15,49.40999984741211,49.84000015258789,49.099998474121094,49.810001373291016,35.164764404296875,12722800,0.011307055241230107
2006-03-16,50.310001373291016,51.18000030517578,49.869998931884766,49.869998931884766,35.207130432128906,23760100,0.0012040611681381522
2006-03-17,49.959999084472656,50.97999954223633,49.91999816894531,50.77000045776367,35.842498779296875,20416200,0.017885674896589994
2006-03-20,50.630001068115234,50.959999084472656,50.20000076293945,50.310001373291016,35.51775360107422,9716700,-0.009101633169831577
2006-03-21,49.59000015258789,51.0,49.5099983215332,49.59000015258789,35.00945281982422,17392000,-0.014414567320403129
2006-03-22,49.459999084472656,50.189998626708984,49.31999969482422,49.75,35.12240219116211,11553200,0.0032210603577072197
2006-03-23,49.68000030517578,49.900001525878906,49.150001525878906,49.58000183105469,35.00239944458008,10005000,-0.0034225512493170104
2006-03-24,49.689998626708984,50.20000076293945,48.88999938964844,49.349998474121094,34.84001541137695,10102900,-0.004650020367600829
2006-03-27,49.47999954223633,50.13999938964844,49.439998626708984,49.709999084472656,35.094154357910156,8258300,0.007267979760975533
2006-03-28,49.58000183105469,50.529998779296875,49.16999816894531,49.36000061035156,34.847068786621094,12904700,-0.007065549845894413
2006-03-29,49.619998931884766,51.099998474121094,49.52000045776367,50.720001220703125,35.80720520019531,15647800,0.02718011148484777
2006-03-30,50.939998626708984,51.75,50.75,50.849998474121094,35.89897155761719,13533200,0.0025595119324062967
2006-03-31,51.15999984741211,51.40999984741211,50.43000030517578,50.61000061035156,35.72954177856445,12090000,-0.004730800268060944
2006-04-03,51.13999938964844,51.720001220703125,51.029998779296875,51.18000030517578,36.13196563720703,13950400,0.011200100856552937
2006-04-04,51.040000915527344,51.959999084472656,51.029998779296875,51.810001373291016,36.57672882080078,13997500,0.012234265364626046
2006-04-05,51.689998626708984,51.79999923706055,51.18000030517578,51.66999816894531,36.47787857055664,9794500,-0.0027062033210957207
2006-04-06,51.75,51.9900016784668,51.15999984741211,51.7599983215332,36.54141616821289,9981800,0.0017402965591371158
2006-04-07,51.90999984741211,52.47999954223633,51.72999954223633,51.959999084472656,36.68260955810547,14131900,0.0038564818987488494
2006-04-10,51.779998779296875,52.06999969482422,51.0,51.58000183105469,36.41435241699219,7279000,-0.0073397946555536385
2006-04-11,51.630001068115234,52.029998779296875,50.90999984741211,51.38999938964844,36.28021240234375,11033000,-0.003690514338438629
2006-04-12,51.63999938964844,51.70000076293945,50.970001220703125,50.970001220703125,35.98369598388672,7223400,-0.008206533225389957
2006-04-13,50.93000030517578,51.84000015258789,50.93000030517578,51.47999954223633,36.34375,7865000,0.009956303184657905
2006-04-17,51.41999816894531,51.93000030517578,50.630001068115234,51.02000045776367,36.01899337768555,9425600,-0.008975856566917781
2006-04-18,51.380001068115234,52.4900016784668,51.31999969482422,52.029998779296875,36.73203659057617,12104600,0.019602912748606215
2006-04-19,52.4900016784668,52.58000183105469,51.849998474121094,52.5,37.0638427734375,13482800,0.008992600175732985
2006-04-20,52.310001373291016,52.400001525878906,51.20000076293945,51.84000015258789,36.5978889465332,13473900,-0.012651346389009424
2006-04-21,51.720001220703125,52.099998474121094,50.90999984741211,51.38999938964844,36.28021240234375,14823200,-0.008718079927679973
2006-04-24,51.06999969482422,52.4900016784668,51.060001373291016,52.29999923706055,36.92266082763672,14477400,0.017552997365725836
2006-04-25,52.45000076293945,52.45000076293945,51.25,51.5,36.357872009277344,10246400,-0.015414735126240208
2006-04-26,51.599998474121094,51.869998931884766,50.84000015258789,51.08000183105469,36.061363220214844,8972500,-0.008188720717391202
2006-04-27,50.77000045776367,52.459999084472656,50.77000045776367,52.029998779296875,36.73203659057617,12374500,0.018427284618861995
2006-04-28,52.209999084472656,52.2400016784668,51.31999969482422,51.34000015258789,36.24489212036133,8186100,-0.013350841552785072
2006-05-01,51.459999084472656,51.709999084472656,50.279998779296875,50.650001525878906,35.757789611816406,11135400,-0.013530327703053274
2006-05-02,50.70000076293945,51.36000061035156,50.38999938964844,51.060001373291016,36.047218322753906,8765700,0.008061562465615141
2006-05-03,52.2400016784668,52.2400016784668,51.04999923706055,51.75,36.534358978271484,17971900,0.013423460564088451
2006-05-04,52.02000045776367,53.0099983215332,51.95000076293945,52.34000015258789,36.95089340209961,15770100,0.011336666103999195
2006-05-05,52.709999084472656,53.0,52.310001373291016,52.560001373291016,37.1062126159668,9867200,0.0041945857716934815
2006-05-08,52.36000061035156,52.75,52.119998931884766,52.65999984741211,37.17681121826172,8924900,0.0019008010150150703
2006-05-09,52.779998779296875,52.9900016784668,52.599998474121094,52.7400016784668,37.23328399658203,7634900,0.0015178797715509444
2006-05-10,52.470001220703125,52.68000030517578,51.41999816894531,51.65999984741211,36.47081756591797,10550300,-0.020690670275848276
2006-05-11,51.529998779296875,51.7400016784668,48.81999969482422,49.400001525878906,34.87531661987305,20572400,-0.04473310325454622
2006-05-12,49.34000015258789,49.630001068115234,48.54999923706055,48.9900016784668,34.58585739135742,15023700,-0.00833446621658429
2006-05-15,48.560001373291016,48.810001373291016,47.36000061035156,48.630001068115234,34.33170700073242,18531500,-0.007375523060893709
2006-05-16,48.75,49.5,47.9900016784668,48.189998626708984,34.021087646484375,14159100,-0.00908877227608602
2006-05-17,46.33000183105469,47.810001373291016,46.2400016784668,46.900001525878906,33.11037063598633,22356000,-0.02713401167636465
2006-05-18,47.25,47.70000076293945,46.279998779296875,46.349998474121094,32.72207260131836,15346900,-0.01179669228692482
2006-05-19,46.29999923706055,47.70000076293945,46.0,47.06999969482422,33.23038864135742,22835700,0.015414924505371533
2006-05-22,46.45000076293945,47.18000030517578,46.099998474121094,46.630001068115234,32.919761657714844,14452700,-0.009391642057328047
2006-05-23,46.88999938964844,47.16999816894531,45.380001068115234,45.380001068115234,32.03728103637695,16391300,-0.027172878674630977
2006-05-24,45.119998931884766,45.880001068115234,44.099998474121094,45.59000015258789,32.2708740234375,23278700,0.00726483333939338
2006-05-25,46.0,46.400001525878906,45.400001525878906,46.060001373291016,32.60356521606445,13203300,0.010256554446681347
2006-05-26,46.22999954223633,46.43000030517578,45.599998474121094,46.029998779296875,32.58231735229492,9158300,-0.0006519161414978851
2006-05-30,45.61000061035156,45.900001525878906,44.720001220703125,44.720001220703125,31.655046463012695,14906500,-0.028872146918680182
2006-05-31,44.72999954223633,45.459999084472656,44.459999084472656,45.209999084472656,32.00189208984375,13529800,0.01089744707055259
2006-06-01,45.20000076293945,47.04999923706055,44.790000915527344,47.04999923706055,33.30432891845703,15979600,0.039892357229347135
2006-06-02,47.599998474121094,47.77000045776367,46.459999084472656,47.0,33.26893615722656,11744300,-0.0010632726072446902
2006-06-05,46.66999816894531,46.970001220703125,45.65999984741211,45.68000030517578,32.33457946777344,11276000,-0.028486884148433516
2006-06-06,45.68000030517578,46.470001220703125,45.5099983215332,46.16999816894531,32.68143844604492,13510800,0.010670055786935157
2006-06-07,46.36000061035156,46.72999954223633,45.34000015258789,45.47999954223633,32.19300842285156,12261300,-0.01505798587078368
2006-06-08,44.810001373291016,45.11000061035156,42.2400016784668,44.45000076293945,31.463924407958984,27982300,-0.022907666615602035
2006-06-09,45.0,45.41999816894531,43.040000915527344,43.439998626708984,30.748994827270508,17768100,-0.02298432745938605
2006-06-12,43.27000045776367,43.5,41.04999923706055,41.189998626708984,29.156339645385742,23465800,-0.05318493247713238
2006-06-13,42.709999084472656,42.91999816894531,41.56999969482422,41.84000015258789,29.61643409729004,37462700,0.01565704055265816
2006-06-14,42.209999084472656,43.29999923706055,41.91999816894531,43.25,30.614503860473633,20368000,0.033144465782871925
2006-06-15,43.650001525878906,45.0,43.45000076293945,44.88999938964844,31.775373458862305,19466200,0.037217691203196006
2006-06-16,44.7400016784668,45.0,43.02000045776367,43.95000076293945,31.110008239746094,27558500,-0.021161994467838504
2006-06-19,44.310001373291016,44.38999938964844,43.040000915527344,43.38999938964844,30.713603973388672,14534400,-0.012823893157194101
2006-06-20,43.630001068115234,44.400001525878906,43.099998474121094,43.90999984741211,31.081682205200195,13471500,0.011912966430425357
2006-06-21,44.040000915527344,45.0,43.810001373291016,44.20000076293945,31.286956787109375,15806700,0.006582645587862798
2006-06-22,43.869998931884766,43.900001525878906,41.220001220703125,41.380001068115234,29.290830612182617,34940400,-0.06592677597426172
2006-06-23,40.209999084472656,40.31999969482422,38.77000045776367,39.5,27.960067749023438,52917600,-0.04649717822260216
2006-06-26,40.0,40.65999984741211,39.70000076293945,40.09000015258789,28.377708435058594,16723400,0.014826582269994308
2006-06-27,39.900001525878906,40.380001068115234,38.540000915527344,38.689998626708984,27.386709213256836,16616900,-0.035546092199941835
2006-06-28,38.970001220703125,39.529998779296875,38.56999969482422,39.470001220703125,27.938827514648438,13703600,0.01995955804549459
2006-06-29,39.97999954223633,40.779998779296875,38.939998626708984,40.540000915527344,28.696237564086914,20038800,0.026748630296120998
2006-06-30,40.7400016784668,40.91999816894531,39.90999984741211,40.06999969482422,28.363557815551758,12742100,-0.011660873160068278
2006-07-03,39.470001220703125,39.720001220703125,39.150001525878906,39.459999084472656,27.93174934387207,7048400,-0.01534113453833594
2006-07-05,39.380001068115234,39.40999984741211,37.91999816894531,38.16999816894531,27.01862335205078,18874200,-0.0332376291322669
2006-07-06,38.18000030517578,38.63999938964844,37.90999984741211,38.470001220703125,27.230985641479492,13692200,0.007829120913449724
2006-07-07,38.150001525878906,38.5099983215332,37.63999938964844,38.0,26.898283004760742,12650800,-0.012293047175283846
2006-07-10,38.150001525878906,38.22999954223633,37.099998474121094,37.79999923706055,26.756711959838867,14609000,-0.0052770994965790925
2006-07-11,37.560001373291016,39.0,37.38999938964844,38.869998931884766,27.514122009277344,20633300,0.027914044217665995
2006-07-12,38.779998779296875,39.029998779296875,37.189998626708984,37.54999923706055,26.57975959777832,14079400,-0.03454939170609954
2006-07-13,37.16999816894531,37.849998474121094,36.54999923706055,36.560001373291016,25.878999710083008,15504500,-0.026718190959313205
2006-07-14,36.4900016784668,37.09000015258789,35.72999954223633,36.369998931884766,25.744495391845703,16502400,-0.005210984740049292
2006-07-17,36.9900016784668,37.38999938964844,36.290000915527344,36.560001373291016,25.878999710083008,14544900,0.005210984740049322
2006-07-18,36.75,37.5,36.22999954223633,37.400001525878906,26.47358512878418,14295400,0.022715630468977236
2006-07-19,37.400001525878906,37.790000915527344,36.41999816894531,36.72999954223633,25.999326705932617,33124500,-0.018076806515487376
2006-07-20,36.2599983215332,37.27000045776367,35.59000015258789,35.849998474121094,25.37640953063965,36654300,-0.024250657935786714
2006-07-21,35.0,35.150001525878906,34.11000061035156,34.439998626708984,24.378337860107422,25940800,-0.04012503846538124
2006-07-24,34.560001373291016,35.59000015258789,34.34000015258789,35.380001068115234,25.043725967407227,16133000,0.026928390418148665
2006-07-25,35.29999923706055,35.68000030517578,34.25,34.279998779296875,24.26508903503418,16285900,-0.03158468364889648
2006-07-26,34.36000061035156,35.2599983215332,33.939998626708984,34.97999954223633,24.760581970214844,21221000,0.020214299862904253
2006-07-27,35.15999984741211,35.58000183105469,34.5,34.52000045776367,24.43497657775879,16460600,-0.013237379822782827
2006-07-28,34.95000076293945,35.97999954223633,34.779998779296875,35.790000915527344,25.33395004272461,15672800,0.036129822944963294
2006-07-31,35.59000015258789,35.709999084472656,35.189998626708984,35.2599983215332,24.958782196044922,10633400,-0.01491964302529094
2006-08-01,34.91999816894531,34.959999084472656,34.0,34.47999954223633,24.406658172607422,16525700,-0.02236978108656037
2006-08-02,34.5,34.75,33.79999923706055,34.369998931884766,24.328792572021484,12716400,-0.003195442563981691
2006-08-03,34.130001068115234,35.2599983215332,34.09000015258789,34.86000061035156,24.675643920898438,13833300,0.01415615262624736
2006-08-04,35.439998626708984,35.970001220703125,34.849998474121094,35.310001373291016,24.99416732788086,16099700,0.012825809699058657
2006-08-07,35.29999923706055,35.52000045776367,34.45000076293945,34.599998474121094,24.491601943969727,13443800,-0.020312209771360414
2006-08-08,34.0,34.599998474121094,33.369998931884766,33.86000061035156,23.96780014038086,19591000,-0.021619012294014216
2006-08-09,34.15999984741211,35.15999984741211,33.41999816894531,33.529998779296875,23.734207153320312,17762100,-0.009793921367852069
2006-08-10,33.400001525878906,34.0,32.7599983215332,33.900001525878906,23.996110916137695,14521600,0.010974424726357224
2006-08-11,33.61000061035156,33.869998931884766,33.150001525878906,33.310001373291016,23.578475952148438,8743700,-0.017557512108448147
2006-08-14,34.08000183105469,34.45000076293945,33.5099983215332,33.59000015258789,23.776676177978516,12297100,0.008370847701059708
2006-08-15,34.43000030517578,35.599998474121094,34.099998474121094,35.45000076293945,25.09327507019043,22562600,0.05389477709997854
2006-08-16,36.279998779296875,37.83000183105469,36.209999084472656,37.83000183105469,26.777956008911133,27239100,0.06497912731785503
2006-08-17,37.689998626708984,38.0,37.0,37.20000076293945,26.33201789855957,16916800,-0.016793402734774244
2006-08-18,37.2400016784668,37.86000061035156,36.5,37.31999969482422,26.416959762573242,14042900,0.00322060980896135
2006-08-21,37.0,37.369998931884766,36.619998931884766,37.099998474121094,26.261226654052734,13028400,-0.005912639474032346
2006-08-22,37.150001525878906,38.150001525878906,37.040000915527344,37.5099983215332,26.55144500732422,14493800,0.010990592427950337
2006-08-23,37.630001068115234,37.9900016784668,36.459999084472656,36.650001525878906,26.025964736938477,11923000,-0.01998948865786345
2006-08-24,37.0,37.41999816894531,36.709999084472656,37.27000045776367,26.466230392456055,8763900,0.016774912099912127
2006-08-25,36.939998626708984,37.84000015258789,36.79999923706055,37.380001068115234,26.544353485107422,10448000,0.002947454772035559
2006-08-28,37.45000076293945,37.650001525878906,37.0099983215332,37.18000030517578,26.40232276916504,10442800,-0.005365060346487507
2006-08-29,37.2400016784668,37.68000030517578,36.650001525878906,37.59000015258789,26.693452835083008,10962700,0.010966333205181027
2006-08-30,37.650001525878906,38.5,37.599998474121094,37.90999984741211,26.92071533203125,11706200,0.008477753768180671
2006-08-31,38.20000076293945,38.25,37.52000045776367,37.66999816894531,26.750274658203125,8546800,-0.006351336050106468
2006-09-01,38.33000183105469,38.79999923706055,38.09000015258789,38.349998474121094,27.233154296875,13679200,0.01789039812439832
2006-09-05,38.36000061035156,39.33000183105469,37.529998779296875,39.189998626708984,27.829666137695312,16198800,0.021667439966191644
2006-09-06,39.099998474121094,39.4900016784668,37.79999923706055,38.040000915527344,27.013031005859375,19418000,-0.029783199553624774
2006-09-07,37.84000015258789,38.0,36.900001525878906,36.970001220703125,26.25319480895996,18274400,-0.0285316907827136
2006-09-08,37.099998474121094,37.22999954223633,36.290000915527344,36.540000915527344,25.947843551635742,16883400,-0.011699182610687527
2006-09-11,36.13999938964844,37.119998931884766,35.9900016784668,36.810001373291016,26.139568328857422,13755300,0.007361688214767641
2006-09-12,37.400001525878906,38.09000015258789,37.33000183105469,37.650001525878906,26.736082077026367,21906100,0.022563847511042644
2006-09-13,37.83000183105469,37.939998626708984,37.27000045776367,37.29999923706055,26.48754119873047,16226000,-0.009339562759094396
2006-09-14,37.119998931884766,37.61000061035156,37.0099983215332,37.20000076293945,26.416519165039062,15214000,-0.002684938580098365
2006-09-15,37.5099983215332,37.810001373291016,36.79999923706055,36.810001373291016,26.139568328857422,27469800,-0.010539346171849847
2006-09-18,36.90999984741211,37.63999938964844,36.5,36.599998474121094,25.990455627441406,19695600,-0.0057208148692735866
2006-09-19,36.900001525878906,37.29999923706055,36.70000076293945,37.099998474121094,26.345508575439453,13963000,0.013568428538952092
2006-09-20,37.0,38.20000076293945,36.83000183105469,38.11000061035156,27.062746047973633,20166400,0.026860289649666927
2006-09-21,38.2400016784668,39.220001220703125,38.209999084472656,38.47999954223633,27.32549476623535,23147500,0.009662043059392762
2006-09-22,38.5,38.5099983215332,37.59000015258789,37.86000061035156,26.885204315185547,12617400,-0.016244030792236522
2006-09-25,38.20000076293945,38.97999954223633,37.5099983215332,38.66999816894531,27.460391998291016,15413000,0.021168565654724338
2006-09-26,38.689998626708984,39.29999923706055,38.220001220703125,38.43000030517578,27.28997230529785,15802800,-0.006225355595194857
2006-09-27,38.4900016784668,38.790000915527344,37.79999923706055,38.130001068115234,27.07693862915039,18369200,-0.00783692738161869
2006-09-28,38.15999984741211,38.22999954223633,36.75,37.02000045776367,26.28870391845703,23546700,-0.029543054393949664
2006-09-29,37.209999084472656,37.279998779296875,36.16999816894531,36.349998474121094,25.812925338745117,16856000,-0.018263989514648027
2006-10-02,36.11000061035156,36.4900016784668,34.099998474121094,34.65999984741211,24.612810134887695,33287100,-0.04760830400751556
2006-10-03,34.72999954223633,35.79999923706055,34.619998931884766,35.400001525878906,25.138301849365234,19379500,0.021125608530389015
2006-10-04,35.400001525878906,35.81999969482422,34.880001068115234,35.81999969482422,25.436548233032227,18615600,0.011794393479665792
2006-10-05,35.86000061035156,36.310001373291016,35.439998626708984,36.2599983215332,25.74901008605957,14728300,0.012209136508593024
2006-10-06,35.97999954223633,36.66999816894531,35.779998779296875,36.369998931884766,25.82712173461914,12749000,0.0030289866852537977
2006-10-09,36.27000045776367,36.52000045776367,36.0,36.2400016784668,25.734804153442383,7990500,-0.0035808468450949636
2006-10-10,36.41999816894531,37.88999938964844,35.0,37.06999969482422,26.32420539855957,33428900,0.02264455032312923
2006-10-11,36.95000076293945,37.9900016784668,36.869998931884766,37.7599983215332,26.81418800354004,16964200,0.018442277275335428
2006-10-12,37.939998626708984,39.0099983215332,37.90999984741211,38.939998626708984,27.65213394165039,16636600,0.030771751353988987
2006-10-13,39.13999938964844,39.84000015258789,38.75,39.84000015258789,28.29124641418457,22416800,0.022849540911769047
2006-10-16,39.70000076293945,40.0,39.560001373291016,39.81999969482422,28.277034759521484,14313500,-0.0005024602009186598
2006-10-17,39.470001220703125,39.599998474121094,38.58000183105469,38.939998626708984,27.65213394165039,15012100,-0.022347080710850467
2006-10-18,39.16999816894531,39.220001220703125,37.900001525878906,38.119998931884766,27.069833755493164,17854000,-0.02128293957833625
2006-10-19,37.310001373291016,38.2599983215332,37.040000915527344,38.18000030517578,27.112445831298828,21946300,0.0015729159022490383
2006-10-20,38.34000015258789,38.41999816894531,37.20000076293945,37.91999816894531,26.927812576293945,16516000,-0.006833200982479313
2006-10-23,37.880001068115234,38.63999938964844,37.5099983215332,38.08000183105469,27.04143524169922,13494800,0.004210650986351799
2006-10-24,37.650001525878906,37.95000076293945,36.56999969482422,36.709999084472656,26.06856346130371,20196800,-0.036640204937910384
2006-10-25,36.68000030517578,37.7400016784668,36.650001525878906,37.5099983215332,26.63664436340332,15486300,0.02155775211010816
2006-10-26,37.77000045776367,38.04999923706055,37.040000915527344,37.9900016784668,26.977527618408203,15014100,0.01271633360880897
2006-10-27,37.91999816894531,38.0,36.91999816894531,37.13999938964844,26.373912811279297,13137900,-0.02262883849115006
2006-10-30,36.689998626708984,36.93000030517578,36.400001525878906,36.7400016784668,26.089866638183594,15543100,-0.010828382992251391
2006-10-31,36.970001220703125,37.20000076293945,36.060001373291016,36.38999938964844,25.841325759887695,14697600,-0.00957200343349505
2006-11-01,36.79999923706055,36.900001525878906,35.61000061035156,35.72999954223633,25.372642517089844,18774600,-0.018303456779972395
2006-11-02,35.75,36.400001525878906,35.40999984741211,36.36000061035156,25.820024490356445,21291000,0.0174788066058974
2006-11-03,36.290000915527344,37.619998931884766,35.90999984741211,36.470001220703125,25.89812660217285,33224500,0.003020300205576835
2006-11-06,36.45000076293945,36.689998626708984,35.959999084472656,36.13999938964844,25.663782119750977,18815000,-0.00908989220182548
2006-11-07,36.099998474121094,37.04999923706055,36.0099983215332,36.38999938964844,25.841325759887695,17794000,0.006894242170323611
2006-11-08,36.310001373291016,36.599998474121094,35.95000076293945,36.279998779296875,25.763208389282227,15973000,-0.0030275413415551383
2006-11-09,36.06999969482422,36.20000076293945,34.68000030517578,34.83000183105469,24.73353385925293,31773800,-0.04078747376459028
2006-11-10,34.88999938964844,35.25,34.349998474121094,35.2400016784668,25.02467918395996,20316800,0.011702536308005678
2006-11-13,35.900001525878906,36.63999938964844,35.5099983215332,36.20000076293945,25.70640754699707,21433100,0.026877776423382713
2006-11-14,36.310001373291016,37.7400016784668,36.04999923706055,37.560001373291016,26.672161102294922,24482400,0.03688008439751814
2006-11-15,37.529998779296875,38.029998779296875,37.2599983215332,37.70000076293945,26.771583557128906,19185500,0.0037206438344171058
2006-11-16,38.04999923706055,38.400001525878906,37.560001373291016,37.79999923706055,26.842580795288086,17215100,0.002648452345247973
2006-11-17,37.599998474121094,37.790000915527344,37.40999984741211,37.630001068115234,26.721878051757812,13663300,-0.004506829731240183
2006-11-20,37.310001373291016,37.45000076293945,36.81999969482422,37.150001525878906,26.381010055541992,13358000,-0.012838197324278669
2006-11-21,37.209999084472656,37.720001220703125,36.959999084472656,37.61000061035156,26.707666397094727,11977800,0.012306219926947647
2006-11-22,37.529998779296875,37.650001525878906,36.81999969482422,37.349998474121094,26.523038864135742,10503700,-0.006936908779230156
2006-11-24,37.08000183105469,37.869998931884766,37.0,37.58000183105469,26.68637466430664,7461700,0.006139376564271337
2006-11-27,37.33000183105469,37.5,36.349998474121094,36.45000076293945,25.883930206298828,15634200,-0.03053080216621
2006-11-28,36.380001068115234,36.70000076293945,35.70000076293945,35.849998474121094,25.457855224609375,21740800,-0.01659797218893019
2006-11-29,36.04999923706055,36.779998779296875,35.970001220703125,36.650001525878906,26.025964736938477,14628600,0.02207033483774177
2006-11-30,36.529998779296875,36.81999969482422,35.81999969482422,36.59000015258789,25.983348846435547,18364300,-0.001638779560973988
2006-12-01,36.5,36.7599983215332,35.79999923706055,36.349998474121094,25.812925338745117,14102800,-0.006580555276164055
2006-12-04,36.689998626708984,37.58000183105469,36.540000915527344,37.5,26.629547119140625,20931800,0.031146044665352205
2006-12-05,37.75,39.43000030517578,37.61000061035156,38.7400016784668,27.598424911499023,33695000,0.03573730940550998
2006-12-06,38.7599983215332,39.380001068115234,38.45000076293945,39.18000030517578,27.911880493164062,19753700,0.011293719647008376
2006-12-07,39.52000045776367,40.9900016784668,39.11000061035156,39.13999938964844,27.883392333984375,26866400,-0.0010211675725119032
2006-12-08,39.0,40.27000045776367,38.779998779296875,39.540000915527344,28.16834831237793,18041500,0.010167692565686698
2006-12-11,39.25,39.95000076293945,38.880001068115234,38.93000030517578,27.73377799987793,19600900,-0.015547854630914288
2006-12-12,38.81999969482422,39.06999969482422,38.130001068115234,38.869998931884766,27.691038131713867,15862200,-0.001542264985932477
2006-12-13,39.25,39.29999923706055,38.11000061035156,38.43000030517578,27.377574920654297,21437800,-0.011384582952356555
2006-12-14,38.58000183105469,39.599998474121094,38.380001068115234,39.40999984741211,28.07572364807129,16745600,0.025181031083022436
2006-12-15,39.599998474121094,40.0,39.290000915527344,39.5,28.13984489440918,21097000,0.0022812639206009544
2006-12-18,39.689998626708984,40.099998474121094,38.84000015258789,39.06999969482422,27.833507537841797,13646200,-0.010945937731565497
2006-12-19,38.720001220703125,38.90999984741211,38.369998931884766,38.4900016784668,27.420320510864258,14448100,-0.014956239003154582
2006-12-20,38.5,39.099998474121094,38.25,38.310001373291016,27.292089462280273,9897200,-0.004687466095589885
2006-12-21,38.310001373291016,38.61000061035156,38.0,38.540000915527344,27.455942153930664,11799200,0.005985719523934247
2006-12-22,37.540000915527344,38.290000915527344,37.5,37.810001373291016,26.935894012451172,23678700,-0.01912286937957189
2006-12-26,37.540000915527344,38.16999816894531,37.41999816894531,37.619998931884766,26.800535202026367,11148300,-0.005037889517073853
2006-12-27,37.81999969482422,38.150001525878906,37.560001373291016,37.56999969482422,26.764923095703125,9025100,-0.0013296670168374445
2006-12-28,37.52000045776367,38.0099983215332,37.45000076293945,37.689998626708984,26.850404739379883,11384300,0.003188704408185684
2006-12-29,37.79999923706055,38.369998931884766,37.56999969482422,37.790000915527344,26.921649932861328,10856200,0.002649898189897399
2007-01-03,37.7599983215332,38.77000045776367,36.790000915527344,37.459999084472656,26.686548233032227,24184800,-0.008771166169890387
2007-01-04,37.790000915527344,39.400001525878906,37.400001525878906,39.150001525878906,27.89051055908203,26164600,0.044126880688239625
2007-01-05,38.900001525878906,38.939998626708984,37.869998931884766,38.689998626708984,27.56279754638672,18403600,-0.011819559159313804
2007-01-08,38.75,38.75,38.0,38.2599983215332,27.256467819213867,13545200,-0.011176104372820534
2007-01-09,38.5,38.650001525878906,37.84000015258789,37.84000015258789,26.9572696685791,15948700,-0.01103783661478291
2007-01-10,37.650001525878906,38.560001373291016,37.59000015258789,38.54999923706055,27.463069915771484,14333700,0.01858918250919527
2007-01-11,38.65999984741211,39.63999938964844,38.099998474121094,39.47999954223633,28.12560272216797,20549100,0.02383810041234422
2007-01-12,39.25,39.939998626708984,39.119998931884766,39.619998931884766,28.22533416748047,14336000,0.003539658963870146
2007-01-16,39.79999923706055,39.95000076293945,39.040000915527344,39.470001220703125,28.118484497070312,13712200,-0.003792778020026704
2007-01-17,39.16999816894531,39.959999084472656,39.0,39.189998626708984,27.91900634765625,17002100,-0.0071194833668011765
2007-01-18,39.099998474121094,39.349998474121094,38.33000183105469,38.4900016784668,27.420320510864258,16412400,-0.01802332498295797
2007-01-19,38.27000045776367,39.18000030517578,38.130001068115234,38.869998931884766,27.691038131713867,17489500,0.009824464683453202
2007-01-22,39.040000915527344,39.08000183105469,38.119998931884766,38.5099983215332,27.4345703125,19125900,-0.009304919325058069
2007-01-23,38.4900016784668,39.06999969482422,38.04999923706055,38.130001068115234,27.163854598999023,17228000,-0.00991669384125487
2007-01-24,38.459999084472656,39.29999923706055,38.310001373291016,38.619998931884766,27.512939453125,25559900,0.012769205050549107
2007-01-25,39.880001068115234,39.90999984741211,38.150001525878906,38.15999984741211,27.185224533081055,28175800,-0.011982809566960784
2007-01-26,38.27000045776367,38.38999938964844,37.349998474121094,37.5099983215332,26.72216796875,20681700,-0.01718012807923551
2007-01-29,37.0,37.560001373291016,36.79999923706055,37.150001525878906,26.465713500976562,18989500,-0.009643416812606902
2007-01-30,37.16999816894531,37.40999984741211,36.939998626708984,37.16999816894531,26.479948043823242,13357700,0.0005377038561545146
2007-01-31,37.130001068115234,37.900001525878906,36.810001373291016,37.65999984741211,26.829042434692383,15702600,0.013097204727820465
2007-02-01,37.79999923706055,37.81999969482422,37.04999923706055,37.40999984741211,26.650936126708984,16678300,-0.006660697002732451
2007-02-02,37.43000030517578,37.52000045776367,37.0,37.189998626708984,26.49420166015625,15597800,-0.005898372927016441
2007-02-05,37.20000076293945,38.119998931884766,37.0,37.90999984741211,27.007125854492188,18370500,0.019174847946491533
2007-02-06,37.869998931884766,37.970001220703125,37.22999954223633,37.68000030517578,26.84328842163086,18493800,-0.006084927686759522
2007-02-07,37.790000915527344,37.88999938964844,37.34000015258789,37.58000183105469,26.77204132080078,16080400,-0.002657715362747086
2007-02-08,37.560001373291016,38.689998626708984,37.119998931884766,38.2599983215332,27.256467819213867,20890600,0.01793273543906181
2007-02-09,38.84000015258789,38.9900016784668,37.88999938964844,38.310001373291016,27.292089462280273,21304300,0.0013060528052509083
2007-02-12,38.72999954223633,38.79999923706055,37.90999984741211,38.04999923706055,27.10687255859375,16559600,-0.006809601232251822
2007-02-13,38.2599983215332,38.68000030517578,38.0,38.06999969482422,27.121124267578125,16057400,0.0005256218243937577
2007-02-14,38.25,39.95000076293945,38.25,39.65999984741211,28.25383186340332,31705600,0.04091617206930856
2007-02-15,40.2599983215332,41.439998626708984,40.150001525878906,41.310001373291016,29.429296493530273,37990000,0.04076156798398859
2007-02-16,41.119998931884766,43.380001068115234,40.849998474121094,42.5099983215332,30.284177780151367,53781900,0.028634733095031957
2007-02-20,41.97999954223633,42.779998779296875,41.86000061035156,42.70000076293945,30.419536590576172,22376400,0.004459662350787072
2007-02-21,42.25,42.58000183105469,41.84000015258789,42.04999923706055,29.95647621154785,21788600,-0.015339517711566966
2007-02-22,42.220001220703125,42.79999923706055,42.029998779296875,42.790000915527344,30.48365592956543,18040600,0.017445133526636368
2007-02-23,43.20000076293945,43.61000061035156,42.56999969482422,43.36000061035156,30.88972282409668,24741700,0.013232865071079375
2007-02-26,43.2599983215332,43.29999923706055,42.25,42.650001525878906,30.38391876220703,24297600,-0.016510053529069153
2007-02-27,41.060001373291016,41.66999816894531,40.0,40.25,28.67414665222168,38780800,-0.05791757708550203
2007-02-28,40.29999923706055,41.08000183105469,40.0,40.29999923706055,28.79561996459961,27334400,0.004227387735536781
2007-03-01,39.560001373291016,40.779998779296875,39.349998474121094,40.099998474121094,28.652719497680664,26715500,-0.004974930972343494
2007-03-02,40.04999923706055,40.31999969482422,39.40999984741211,39.47999954223633,28.209705352783203,22620900,-0.015582279860698363
2007-03-05,39.209999084472656,40.060001373291016,39.040000915527344,39.13999938964844,27.966764450073242,17759000,-0.008649258954443155
2007-03-06,39.59000015258789,39.779998779296875,39.22999954223633,39.54999923706055,28.259729385375977,20707700,0.010420980095629095
2007-03-07,39.61000061035156,40.209999084472656,39.560001373291016,39.689998626708984,28.35974884033203,18427200,0.003533044179515774
2007-03-08,40.2400016784668,40.63999938964844,39.95000076293945,40.2400016784668,28.75275421142578,15779900,0.013762715812232292
2007-03-09,40.63999938964844,40.900001525878906,39.959999084472656,40.150001525878906,28.68844985961914,14031600,-0.0022389634656690333
2007-03-12,39.970001220703125,40.29999923706055,39.810001373291016,40.119998931884766,28.667001724243164,15150200,-0.0007479022754927357
2007-03-13,41.599998474121094,42.279998779296875,41.20000076293945,41.83000183105469,29.888856887817383,49881400,0.04173903602513928
2007-03-14,42.470001220703125,43.540000915527344,42.41999816894531,43.209999084472656,30.874908447265625,40343800,0.0324580980757692
2007-03-15,43.15999984741211,43.93000030517578,43.0,43.70000076293945,31.22502326965332,29402200,0.011275971563454066
2007-03-16,43.47999954223633,43.7400016784668,43.029998779296875,43.68000030517578,31.21073341369629,26267500,-0.0004577459124590165
2007-03-19,44.0099983215332,44.119998931884766,42.630001068115234,42.90999984741211,30.66054916381836,24305600,-0.01778527063112949
2007-03-20,42.41999816894531,43.22999954223633,42.380001068115234,43.040000915527344,30.753437042236328,18589600,0.0030249770447100996
2007-03-21,43.099998474121094,43.75,42.36000061035156,43.72999954223633,31.246471405029297,24185400,0.015904693030393477
2007-03-22,43.41999816894531,43.790000915527344,43.27000045776367,43.349998474121094,30.974937438964844,16597000,-0.008728046981518729
2007-03-23,43.130001068115234,43.38999938964844,42.5099983215332,42.56999969482422,30.417606353759766,17486400,-0.01815681064692057
2007-03-26,42.33000183105469,42.560001373291016,41.56999969482422,42.41999816894531,30.310428619384766,16101700,-0.0035297649825754714
2007-03-27,42.22999954223633,42.849998474121094,42.029998779296875,42.630001068115234,30.46047592163086,12307600,0.004938139667021601
2007-03-28,42.5099983215332,43.0,42.290000915527344,42.5,30.36759376525879,16064600,-0.0030539265519586426
2007-03-29,42.79999923706055,42.880001068115234,41.630001068115234,42.25,30.18895721435547,14227200,-0.005899842913128432
2007-03-30,42.2599983215332,42.90999984741211,42.150001525878906,42.65999984741211,30.481908798217773,17590000,0.009657151112165484
2007-04-02,42.68000030517578,43.130001068115234,42.29999923706055,43.08000183105469,30.78201675415039,15746500,0.00979729437057363
2007-04-03,43.400001525878906,43.75,43.16999816894531,43.709999084472656,31.232173919677734,18455900,0.014518131010775634
2007-04-04,43.93000030517578,43.959999084472656,43.31999969482422,43.650001525878906,31.189302444458008,15169400,-0.0013736132003833552
2007-04-05,43.060001373291016,43.439998626708984,42.290000915527344,43.29999923706055,30.93921661376953,21872600,-0.008050640356744652
2007-04-09,43.34000015258789,43.459999084472656,42.47999954223633,42.68000030517578,30.4962100982666,14131200,-0.014422108475930097
2007-04-10,42.540000915527344,43.040000915527344,42.529998779296875,43.0,30.724863052368164,11875000,0.007469781417556401
2007-04-11,42.90999984741211,42.9900016784668,42.04999923706055,42.099998474121094,30.081775665283203,13662000,-0.0211526694719065
2007-04-12,41.689998626708984,42.81999969482422,41.599998474121094,42.599998474121094,30.43903350830078,14082900,0.011806253011576933
2007-04-13,42.5099983215332,42.709999084472656,41.83000183105469,42.54999923706055,30.403316497802734,13379800,-0.0011740839923959764
2007-04-16,42.77000045776367,43.400001525878906,42.720001220703125,43.38999938964844,31.0035343170166,14774300,0.019549510428643845
2007-04-17,43.209999084472656,43.5,43.0099983215332,43.369998931884766,30.989229202270508,12714000,-0.0004615091887473686
2007-04-18,43.0099983215332,43.41999816894531,42.79999923706055,42.970001220703125,30.703428268432617,10603800,-0.009265380684027241
2007-04-19,42.689998626708984,43.43000030517578,42.619998931884766,43.36000061035156,30.98209571838379,10986400,0.009035161823050385
2007-04-20,43.900001525878906,44.20000076293945,43.06999969482422,43.439998626708984,31.03924560546875,20041500,0.001842910909052736
2007-04-23,43.31999969482422,43.689998626708984,42.689998626708984,42.88999938964844,30.64625358581543,12977300,-0.012741968271304136
2007-04-24,43.11000061035156,44.91999816894531,43.029998779296875,44.36000061035156,31.696624755859375,27232200,0.033699777835005294
2007-04-25,44.599998474121094,45.36000061035156,44.29999923706055,45.34000015258789,32.3968620300293,24648400,0.021851366547062264
2007-04-26,46.20000076293945,46.33000183105469,45.11000061035156,45.29999923706055,32.3682861328125,22980500,-0.0008824468060912989
2007-04-27,44.90999984741211,45.18000030517578,44.29999923706055,44.630001068115234,31.88953971862793,13446600,-0.014901072866729662
2007-04-30,44.650001525878906,44.81999969482422,43.77000045776367,43.79999923706055,31.296478271484375,15982100,-0.018772471582338857
2007-05-01,44.0099983215332,44.119998931884766,43.209999084472656,43.77000045776367,31.27505111694336,18144900,-0.0006848851414696039
2007-05-02,43.95000076293945,44.529998779296875,43.72999954223633,44.27000045776367,31.632308959960938,12108800,0.011358342917275813
2007-05-03,44.349998474121094,44.5,43.93000030517578,44.279998779296875,31.63945960998535,10549900,0.00022602971961982043
2007-05-04,44.52000045776367,44.720001220703125,43.58000183105469,44.099998474121094,31.510826110839844,12679500,-0.004073890579704365
2007-05-07,44.119998931884766,44.540000915527344,43.83000183105469,43.95000076293945,31.403663635253906,7631700,-0.0034066104534391105
2007-05-08,43.72999954223633,44.5,43.650001525878906,44.16999816894531,31.56084632873535,9794800,0.004992749727939119
2007-05-09,43.95000076293945,44.5099983215332,43.779998779296875,44.27000045776367,31.632308959960938,9649000,0.0022617215855846016
2007-05-10,44.0,44.189998626708984,43.52000045776367,43.90999984741211,31.37508773803711,17208400,-0.008164839824055276
2007-05-11,44.18000030517578,44.9900016784668,43.91999816894531,44.86000061035156,32.053890228271484,14464600,0.021404362098495413
2007-05-14,44.970001220703125,45.2599983215332,43.849998474121094,44.25,31.61802864074707,14864100,-0.013691071467636902
2007-05-15,44.529998779296875,45.189998626708984,44.060001373291016,44.16999816894531,31.56084632873535,19095400,-0.0018101723923878263
2007-05-16,44.38999938964844,45.54999923706055,44.38999938964844,45.04999923706055,32.18965148925781,28226800,0.01972770645684073
2007-05-17,44.810001373291016,45.16999816894531,44.63999938964844,44.81999969482422,32.02531814575195,14988800,-0.005118236547776127
2007-05-18,44.93000030517578,45.369998931884766,44.61000061035156,45.209999084472656,32.30397415161133,22204100,0.008663479382506513
2007-05-21,45.220001220703125,46.15999984741211,44.869998931884766,46.130001068115234,32.96134567260742,24026000,0.020145270243925453
2007-05-22,46.47999954223633,47.720001220703125,45.7599983215332,46.380001068115234,33.13996887207031,35405300,0.005404541058760669
2007-05-23,46.5099983215332,46.689998626708984,44.810001373291016,44.84000015258789,32.03960037231445,21582400,-0.03376742336406051
2007-05-24,44.75,45.0,43.47999954223633,43.59000015258789,31.146421432495117,29119200,-0.028273292495980554
2007-05-25,43.689998626708984,43.88999938964844,42.84000015258789,43.349998474121094,30.974937438964844,21643700,-0.005520949065740212
2007-05-29,43.400001525878906,44.970001220703125,42.83000183105469,44.279998779296875,31.63945960998535,26603700,0.021226655636728327
2007-05-30,43.349998474121094,43.709999084472656,42.310001373291016,42.81999969482422,30.693279266357422,31485200,-0.030361349201012876
2007-05-31,42.93000030517578,43.150001525878906,42.13999938964844,42.95000076293945,30.786474227905273,22806500,0.0030317308588154266
2007-06-01,43.529998779296875,43.79999923706055,42.68000030517578,42.77000045776367,30.657440185546875,14388800,-0.004200065483329572
2007-06-04,42.470001220703125,43.06999969482422,42.150001525878906,42.18000030517578,30.234525680541992,14159600,-0.013890873756663535
2007-06-05,42.279998779296875,42.56999969482422,41.70000076293945,42.4900016784668,30.456745147705078,20356000,0.00732297930795728
2007-06-06,42.369998931884766,42.529998779296875,42.02000045776367,42.22999954223633,30.270370483398438,15910900,-0.006138122897235738
2007-06-07,41.90999984741211,42.38999938964844,40.97999954223633,41.02000045776367,29.403045654296875,31490500,-0.029071099588957566
2007-06-08,42.130001068115234,42.5,41.220001220703125,41.869998931884766,30.01232147216797,37440800,0.02050975041771756
2007-06-11,41.599998474121094,41.720001220703125,41.0099983215332,41.38999938964844,29.66826629638672,18631300,-0.011530013367148935
2007-06-12,41.02000045776367,42.41999816894531,41.0,41.810001373291016,29.96929359436035,23645600,0.010095310912388232
2007-06-13,42.060001373291016,42.779998779296875,41.810001373291016,42.599998474121094,30.535579681396484,17187000,0.018719240031517648
2007-06-14,42.709999084472656,42.939998626708984,42.400001525878906,42.619998931884766,30.54991340637207,17110500,0.00046930046772526463
2007-06-15,43.040000915527344,43.27000045776367,42.5,42.630001068115234,30.557085037231445,30129600,0.00023472371659435874
2007-06-18,42.45000076293945,42.84000015258789,42.2599983215332,42.33000183105469,30.3420467376709,12358500,-0.007062143154593703
2007-06-19,42.25,42.91999816894531,42.20000076293945,42.689998626708984,30.600095748901367,17364100,0.008468706315555368
2007-06-20,42.86000061035156,43.9900016784668,42.400001525878906,43.06999969482422,30.872480392456055,22746200,0.00886204689355655
2007-06-21,43.029998779296875,43.70000076293945,42.709999084472656,43.560001373291016,31.22371482849121,16279300,0.011312711853536755
2007-06-22,43.2599983215332,43.68000030517578,42.79999923706055,42.9900016784668,30.815139770507812,17437900,-0.013171776551167988
2007-06-25,42.7599983215332,43.150001525878906,42.29999923706055,42.529998779296875,30.48541259765625,16443400,-0.010757826481945532
2007-06-26,43.040000915527344,43.459999084472656,42.5,42.84000015258789,30.707622528076172,19392000,0.007262620874417467
2007-06-27,42.59000015258789,43.45000076293945,42.560001373291016,43.41999816894531,31.12335968017578,15884100,0.013447737766692825
2007-06-28,43.349998474121094,43.77000045776367,43.0099983215332,43.459999084472656,31.152027130126953,13805100,0.000920667167060481
2007-06-29,43.599998474121094,43.75,43.09000015258789,43.38999938964844,31.101865768432617,17654400,-0.0016115095848439156
2007-07-02,43.599998474121094,43.9900016784668,43.38999938964844,43.93000030517578,31.48891830444336,13155800,0.012367874136748246
2007-07-03,43.86000061035156,44.0,43.70000076293945,43.86000061035156,31.43874740600586,5945200,-0.001594558085112947
2007-07-05,43.619998931884766,43.790000915527344,43.349998474121094,43.540000915527344,31.209369659423828,13283300,-0.007322766662992844
2007-07-06,43.5,43.619998931884766,43.11000061035156,43.58000183105469,31.23804473876953,6935700,0.0009183752966382982
2007-07-09,43.52000045776367,43.900001525878906,43.29999923706055,43.59000015258789,31.245208740234375,12946300,0.00022930949005863787
2007-07-10,43.439998626708984,43.709999084472656,43.150001525878906,43.209999084472656,30.97283363342285,13915300,-0.008755558241191461
2007-07-11,43.150001525878906,44.09000015258789,42.779998779296875,43.84000015258789,31.424427032470703,16223400,0.014475035579193586
2007-07-12,44.0,45.33000183105469,43.84000015258789,45.25,32.43511199951172,20896200,0.03165601825081705
2007-07-13,44.9900016784668,45.470001220703125,44.75,45.349998474121094,32.50679016113281,12374000,0.0022074558441563053
2007-07-16,45.20000076293945,45.43000030517578,44.86000061035156,45.029998779296875,32.27740478515625,9798800,-0.007081552368591268
2007-07-17,45.029998779296875,45.400001525878906,44.779998779296875,45.029998779296875,32.27740478515625,11120500,0.0
2007-07-18,44.75,45.189998626708984,44.65999984741211,45.099998474121094,32.32757568359375,14220300,0.001553159157671758
2007-07-19,44.9900016784668,45.58000183105469,43.0,43.349998474121094,31.073179244995117,37717800,-0.039575558933932116
2007-07-20,43.869998931884766,44.0,42.63999938964844,43.0,30.822307586669922,36446100,-0.008106343287869737
2007-07-23,43.029998779296875,43.25,42.15999984741211,42.75,30.64310646057129,23490000,-0.00583097459332471
2007-07-24,42.52000045776367,44.18000030517578,42.5099983215332,43.08000183105469,30.87964630126953,26145400,0.0076895455944669565
2007-07-25,43.29999923706055,43.779998779296875,42.33000183105469,42.45000076293945,30.42806625366211,24581400,-0.014731856592573696
2007-07-26,42.20000076293945,43.2400016784668,41.29999923706055,42.08000183105469,30.162858963012695,42782700,-0.008754082673469875
2007-07-27,42.43000030517578,42.68000030517578,41.650001525878906,41.66999816894531,29.86895751953125,24072100,-0.009791600816349336
2007-07-30,41.900001525878906,43.25,41.27000045776367,42.529998779296875,30.48541259765625,18343800,0.020428562682330852
2007-07-31,42.97999954223633,42.97999954223633,41.56999969482422,41.650001525878906,29.85463523864746,21111500,-0.020908181556444225
2007-08-01,41.52000045776367,42.0099983215332,40.560001373291016,41.38999938964844,29.66826629638672,30336800,-0.006262112446722855
2007-08-02,41.54999923706055,42.279998779296875,41.0,42.040000915527344,30.13418960571289,16433500,0.015582394731764695
2007-08-03,42.029998779296875,42.349998474121094,40.65999984741211,40.77000045776367,29.223854064941406,20152900,-0.03067509863616016
2007-08-06,41.150001525878906,41.83000183105469,40.369998931884766,41.779998779296875,29.947811126708984,20773300,0.024470941831635628
2007-08-07,41.029998779296875,41.5,39.709999084472656,40.5,29.030311584472656,34372300,-0.03111572647275698
2007-08-08,40.220001220703125,40.650001525878906,39.04999923706055,40.150001525878906,28.779441833496094,40264100,-0.008679204146263693
2007-08-09,39.209999084472656,40.25,38.220001220703125,38.220001220703125,27.396015167236328,28741900,-0.04926373605643781
2007-08-10,38.0,38.279998779296875,37.369998931884766,37.88999938964844,27.159467697143555,28385500,-0.008671867246354046
2007-08-13,38.150001525878906,39.650001525878906,38.150001525878906,38.91999816894531,27.897769927978516,29142600,0.026821051017103824
2007-08-14,38.72999954223633,39.18000030517578,37.689998626708984,37.779998779296875,27.08061408996582,25852300,-0.02972863006684398
2007-08-15,37.70000076293945,37.97999954223633,35.7599983215332,36.09000015258789,25.869226455688477,35628700,-0.045764030128457624
2007-08-16,35.7400016784668,37.08000183105469,35.22999954223633,36.93000030517578,26.471343994140625,48200400,0.023008694649790856
2007-08-17,37.369998931884766,37.880001068115234,36.4900016784668,37.540000915527344,26.908599853515625,36892900,0.01638314348192384
2007-08-20,37.400001525878906,37.77000045776367,37.2599983215332,37.41999816894531,26.822572708129883,17886700,-0.003202134433036055
2007-08-21,37.18000030517578,37.43000030517578,36.650001525878906,36.900001525878906,26.449832916259766,24645600,-0.013993956920473179
2007-08-22,37.09000015258789,37.90999984741211,36.849998474121094,37.27000045776367,26.715051651000977,23147000,0.009977297497347909
2007-08-23,37.470001220703125,38.0,37.150001525878906,37.86000061035156,27.13796615600586,18628700,0.015706573799722377
2007-08-24,37.90999984741211,38.4900016784668,37.65999984741211,38.22999954223633,27.403173446655273,13293300,0.009725113292669584
2007-08-27,38.54999923706055,38.95000076293945,38.0,38.58000183105469,27.6540584564209,17590200,0.009113670906170237
2007-08-28,38.2599983215332,38.630001068115234,37.86000061035156,37.869998931884766,27.145132064819336,14665200,-0.01857476430719868
2007-08-29,38.09000015258789,38.959999084472656,37.869998931884766,38.91999816894531,28.00128746032715,14499000,0.031052757336628944
2007-08-30,38.61000061035156,39.65999984741211,38.380001068115234,39.08000183105469,28.11640167236328,12222300,0.004102605623148517
2007-08-31,39.380001068115234,39.9900016784668,39.25,39.88999938964844,28.699161529541016,11942100,0.020514811872997325
2007-09-04,39.900001525878906,40.22999954223633,39.439998626708984,40.0099983215332,28.785507202148438,19183100,0.0030041309952800136
2007-09-05,39.65999984741211,39.75,38.66999816894531,38.93000030517578,28.008472442626953,15631800,-0.02736498669392244
2007-09-06,39.099998474121094,39.349998474121094,38.540000915527344,38.81999969482422,27.92934226989746,13181600,-0.0028292211956875896
2007-09-07,38.220001220703125,38.779998779296875,37.63999938964844,37.88999938964844,27.260244369506836,18903300,-0.02424843981906483
2007-09-10,37.779998779296875,37.779998779296875,36.68000030517578,36.77000045776367,26.45446014404297,21082000,-0.03000462105454758
2007-09-11,37.0099983215332,38.060001373291016,36.83000183105469,38.0099983215332,27.346586227416992,17966600,0.03316693349493076
2007-09-12,37.849998474121094,38.0,37.40999984741211,37.869998931884766,27.2458553314209,14879600,-0.003690291455544822
2007-09-13,39.209999084472656,39.599998474121094,37.939998626708984,39.16999816894531,28.1811580657959,38801000,0.03375218932304744
2007-09-14,38.779998779296875,39.7400016784668,38.279998779296875,39.43000030517578,28.368206024169922,20088400,0.0066154109260920645
2007-09-17,39.119998931884766,39.25,38.83000183105469,39.0,28.05884552001953,12286300,-0.010965081296650823
2007-09-18,39.2400016784668,39.79999923706055,38.720001220703125,39.79999923706055,28.63441276550293,20534300,0.02030530749333078
2007-09-19,39.91999816894531,40.2400016784668,39.25,40.040000915527344,28.807083129882812,16994800,0.0060120608554407725
2007-09-20,40.0099983215332,40.77000045776367,39.900001525878906,40.540000915527344,29.16681480407715,18892000,0.012410284766549798
2007-09-21,40.540000915527344,40.95000076293945,39.959999084472656,40.83000183105469,29.37544822692871,29099500,0.007127647457479574
2007-09-24,41.0,41.68000030517578,41.0,41.63999938964844,29.95822525024414,16600700,0.019644688449175756
2007-09-25,41.290000915527344,41.619998931884766,40.77000045776367,41.54999923706055,29.893455505371094,22633900,-0.0021643425661293206
2007-09-26,41.83000183105469,42.5,41.47999954223633,42.2400016784668,30.389888763427734,17939000,0.016470369600166415
2007-09-27,42.540000915527344,43.060001373291016,42.0099983215332,42.22999954223633,30.382692337036133,14006200,-0.00023683135700103866
2007-09-28,42.38999938964844,42.599998474121094,41.939998626708984,42.2599983215332,30.404268264770508,16260200,0.0007098867397496784
2007-10-01,42.04999923706055,42.4900016784668,41.459999084472656,42.09000015258789,30.281963348388672,19091800,-0.004030735760637028
2007-10-02,42.09000015258789,42.09000015258789,41.08000183105469,41.97999954223633,30.202831268310547,18093900,-0.002616595649475868
2007-10-03,41.72999954223633,42.52000045776367,41.61000061035156,42.27000045776367,30.411468505859375,12932300,0.006884120159369278
2007-10-04,42.310001373291016,42.959999084472656,41.97999954223633,42.779998779296875,30.77838897705078,12359100,0.011992996361887057
2007-10-05,43.13999938964844,43.400001525878906,42.29999923706055,43.36000061035156,31.19569206237793,14555900,0.013467223244356273
2007-10-08,42.959999084472656,43.150001525878906,42.439998626708984,42.77000045776367,30.771196365356445,14400100,-0.01370094087826288
2007-10-09,42.779998779296875,42.79999923706055,42.0099983215332,42.650001525878906,30.684871673583984,13592900,-0.0028093157047554915
2007-10-10,42.619998931884766,42.7599983215332,42.060001373291016,42.29999923706055,30.433048248291016,13143900,-0.008240622412511266
2007-10-11,42.34000015258789,42.38999938964844,41.31999969482422,41.470001220703125,29.835905075073242,21030800,-0.01981659483178277
2007-10-12,41.689998626708984,42.15999984741211,41.47999954223633,42.15999984741211,30.332319259643555,11322300,0.01650124975802985
2007-10-15,41.880001068115234,42.0,41.060001373291016,41.290000915527344,29.706403732299805,14736800,-0.020851149839680193
2007-10-16,41.189998626708984,41.970001220703125,40.84000015258789,40.84000015258789,29.382644653320312,17943400,-0.010958454325329688
2007-10-17,41.380001068115234,41.470001220703125,40.400001525878906,41.40999984741211,29.792726516723633,21994300,0.01386010497566043
2007-10-18,41.380001068115234,41.88999938964844,40.97999954223633,41.380001068115234,29.771146774291992,17009400,-0.0007245916755742549
2007-10-19,41.2400016784668,41.7400016784668,40.130001068115234,40.310001373291016,29.001331329345703,31004600,-0.02619795858301557
2007-10-22,40.27000045776367,41.0,40.20000076293945,40.869998931884766,29.404226303100586,13097800,0.013796678978266712
2007-10-23,40.400001525878906,41.150001525878906,40.099998474121094,41.130001068115234,29.591297149658203,12114300,0.0063418870653402775
2007-10-24,40.56999969482422,41.20000076293945,40.04999923706055,41.18000030517578,29.627267837524414,15826200,0.0012148451181800708
2007-10-25,41.65999984741211,42.0,40.439998626708984,40.790000915527344,29.34667205810547,15620000,-0.009515996297320467
2007-10-26,41.06999969482422,41.540000915527344,40.27000045776367,41.33000183105469,29.73518943786621,18399700,0.01315202230415828
2007-10-29,41.56999969482422,41.9900016784668,41.060001373291016,41.630001068115234,29.951021194458008,13257700,0.0072322466133507065
2007-10-30,41.27000045776367,41.90999984741211,41.15999984741211,41.779998779296875,30.058935165405273,9486700,0.0035965394349977086
2007-10-31,41.959999084472656,42.75,41.68000030517578,42.72999954223633,30.742414474487305,15850100,0.022483320006389834
2007-11-01,42.2599983215332,42.70000076293945,41.20000076293945,41.290000915527344,29.706403732299805,17843400,-0.034280643615103974
2007-11-02,41.689998626708984,41.79999923706055,40.9900016784668,41.34000015258789,29.742387771606445,14702900,0.0012105895777177
2007-11-05,41.11000061035156,41.70000076293945,40.22999954223633,40.849998474121094,29.389842987060547,14237700,-0.011924088003944762
2007-11-06,40.88999938964844,41.59000015258789,40.540000915527344,41.560001373291016,29.90065574645996,14703300,0.01723127345264102
2007-11-07,41.29999923706055,42.349998474121094,41.099998474121094,41.189998626708984,29.63443946838379,17902000,-0.008943230928755739
2007-11-08,41.43000030517578,41.95000076293945,39.59000015258789,39.7599983215332,28.605642318725586,29596000,-0.035333198307701326
2007-11-09,36.83000183105469,38.900001525878906,36.599998474121094,38.099998474121094,27.41132926940918,48796000,-0.0426475773177191
2007-11-12,38.5099983215332,39.0,37.290000915527344,37.290000915527344,26.828569412231445,32753700,-0.021489062359304024
2007-11-13,37.599998474121094,39.2400016784668,37.290000915527344,39.15999984741211,28.1739501953125,24835500,0.04893045652063476
2007-11-14,40.45000076293945,41.599998474121094,39.97999954223633,40.040000915527344,28.807083129882812,33688200,0.02222349982990314
2007-11-15,40.209999084472656,41.400001525878906,40.0,40.810001373291016,29.361059188842773,25080500,0.01904798009691621
2007-11-16,41.29999923706055,41.470001220703125,40.40999984741211,41.36000061035156,29.75675392150879,21203100,0.013386849787780254
2007-11-19,41.720001220703125,42.33000183105469,41.56999969482422,41.75,30.037351608276367,25074700,0.00938553203722773
2007-11-20,41.7599983215332,42.18000030517578,40.25,41.34000015258789,29.742387771606445,21201500,-0.009868434807678352
2007-11-21,40.970001220703125,41.63999938964844,40.34000015258789,40.459999084472656,29.109256744384766,16237200,-0.021517001251587828
2007-11-23,40.25,40.720001220703125,40.130001068115234,40.529998779296875,29.159608840942383,6664600,0.001728268041085619
2007-11-26,40.5099983215332,40.5099983215332,39.099998474121094,39.18000030517578,28.188344955444336,17468600,-0.033875899756704825
2007-11-27,39.4900016784668,40.0,39.09000015258789,39.81999969482422,28.6487979888916,19538800,0.016202894208122157
2007-11-28,40.56999969482422,42.0,40.470001220703125,41.4900016784668,29.850290298461914,23109600,0.04108307776482342
2007-11-29,40.84000015258789,41.47999954223633,40.75,41.41999816894531,29.799924850463867,14781900,-0.0016886933212618622
2007-11-30,41.97999954223633,42.029998779296875,40.33000183105469,40.779998779296875,29.33949089050293,25477500,-0.0155714512093091
2007-12-03,40.619998931884766,41.150001525878906,39.75,39.959999084472656,28.749526977539062,25831800,-0.020313106349510376
2007-12-04,39.540000915527344,39.849998474121094,39.25,39.36000061035156,28.31784439086914,15306700,-0.015129164365932996
2007-12-05,39.7599983215332,40.81999969482422,39.5,40.369998931884766,29.148191452026367,20792000,0.02890071827272288
2007-12-06,40.400001525878906,40.56999969482422,39.88999938964844,40.40999984741211,29.177064895629883,10826600,0.0009900838082922382
2007-12-07,40.27000045776367,40.400001525878906,39.779998779296875,40.119998931884766,28.967668533325195,9470300,-0.007202621981610938
2007-12-10,40.34000015258789,40.75,40.2400016784668,40.56999969482422,29.292583465576172,12095100,0.011154030053639132
2007-12-11,40.540000915527344,41.15999984741211,40.08000183105469,40.18000030517578,29.01099395751953,16536400,-0.00965949981105002
2007-12-12,40.810001373291016,41.56999969482422,40.27000045776367,41.0099983215332,29.610267639160156,21662700,0.020446320753611642
2007-12-13,39.5,40.27000045776367,39.36000061035156,39.86000061035156,28.77994155883789,22227900,-0.028442510042525338
2007-12-14,39.52000045776367,39.75,39.349998474121094,39.380001068115234,28.43337631225586,14552600,-0.012114993443408892
2007-12-17,39.25,39.63999938964844,39.04999923706055,39.119998931884766,28.245643615722656,13652100,-0.006624439988457407
2007-12-18,39.16999816894531,39.5,38.130001068115234,38.720001220703125,27.95682716369629,18637500,-0.010277804174862133
2007-12-19,38.59000015258789,38.59000015258789,37.75,38.279998779296875,27.63913917541504,19576700,-0.01142857897887607
2007-12-20,39.119998931884766,39.25,38.11000061035156,39.119998931884766,28.245643615722656,17332700,0.02170638315373822
2007-12-21,39.439998626708984,39.959999084472656,39.209999084472656,39.959999084472656,28.85215187072754,24921900,0.021245341004541528
2007-12-24,39.959999084472656,40.47999954223633,39.70000076293945,40.310001373291016,29.104854583740234,4579700,0.008720406034686587
2007-12-26,39.97999954223633,40.439998626708984,39.79999923706055,40.279998779296875,29.083208084106445,5270300,-0.0007440186058750046
2007-12-27,40.130001068115234,40.400001525878906,39.65999984741211,39.68000030517578,28.649978637695312,7925700,-0.015008268311188833
2007-12-28,39.849998474121094,40.0,39.099998474121094,39.56999969482422,28.57056427001953,8925100,-0.002775731044439685
2007-12-31,39.2400016784668,39.75,39.04999923706055,39.349998474121094,28.411710739135742,6393000,-0.0055755563420060395
2008-01-02,38.22999954223633,39.79999923706055,38.119998931884766,38.38999938964844,27.71856689453125,28963200,-0.024698936490082327
2008-01-03,38.27000045776367,38.38999938964844,37.72999954223633,37.900001525878906,27.364778518676758,15127300,-0.012845742689143957
2008-01-04,37.38999938964844,38.220001220703125,36.900001525878906,37.029998779296875,26.73660659790039,29638500,-0.023223070937615106
2008-01-07,37.04999923706055,37.310001373291016,35.779998779296875,36.45000076293945,26.317840576171875,27665700,-0.015786601914031546
2008-01-08,36.459999084472656,37.45000076293945,35.970001220703125,35.9900016784668,25.98571014404297,27124200,-0.012700281026843866
2008-01-09,36.060001373291016,37.869998931884766,36.0,37.790000915527344,27.28535270690918,27370900,0.04880325023814193
2008-01-10,37.540000915527344,38.790000915527344,37.0,37.9900016784668,27.42975616455078,22563300,0.005278388214634256
2008-01-11,37.84000015258789,39.06999969482422,37.33000183105469,38.630001068115234,27.8918514251709,32469400,0.016706167015586984
2008-01-14,39.099998474121094,40.58000183105469,39.04999923706055,40.0,28.88103485107422,29197700,0.03485056362158472
2008-01-15,39.61000061035156,40.0,39.0,39.349998474121094,28.411710739135742,19677400,-0.01638373603223108
2008-01-16,39.95000076293945,40.27000045776367,39.58000183105469,39.959999084472656,28.85215187072754,29029200,0.01538316826882303
2008-01-17,40.060001373291016,40.20000076293945,38.900001525878906,39.060001373291016,28.202333450317383,23282800,-0.022779857426743374
2008-01-18,38.279998779296875,39.7400016784668,38.0,38.349998474121094,27.689678192138672,29243100,-0.018345005678507557
2008-01-22,37.33000183105469,38.349998474121094,35.16999816894531,36.93000030517578,26.664413452148438,29688500,-0.03772986841602721
2008-01-23,35.88999938964844,37.59000015258789,35.65999984741211,36.630001068115234,26.44780158996582,40732800,-0.00815680773265409
2008-01-24,39.380001068115234,40.95000076293945,38.880001068115234,40.40999984741211,29.177064895629883,46049200,0.09820991270919258
2008-01-25,40.150001525878906,41.0,39.7400016784668,40.0,28.88103485107422,24946200,-0.01019780569185234
2008-01-28,39.75,40.68000030517578,39.599998474121094,40.5,29.242040634155273,13363300,0.01242227540015217
2008-01-29,40.61000061035156,40.619998931884766,39.84000015258789,40.29999923706055,29.097637176513672,14903800,-0.004950447378788303
2008-01-30,40.29999923706055,41.060001373291016,39.88999938964844,40.279998779296875,29.083208084106445,16149000,-0.000496008355960334
2008-01-31,40.439998626708984,42.65999984741211,40.27000045776367,42.41999816894531,30.628337860107422,31506500,0.05176468843473349
2008-02-01,42.27000045776367,42.54999923706055,41.52000045776367,42.20000076293945,30.4694881439209,21233700,-0.005199860109523019
2008-02-04,42.040000915527344,42.5,41.380001068115234,41.849998474121094,30.21677017211914,12059100,-0.008328720197362607
2008-02-05,41.04999923706055,41.72999954223633,40.56999969482422,40.720001220703125,29.400890350341797,20432600,-0.027372116058010917
2008-02-06,40.939998626708984,41.0,39.5,39.650001525878906,28.628328323364258,19952800,-0.02662822949082681
2008-02-07,39.119998931884766,41.470001220703125,38.95000076293945,40.939998626708984,29.559730529785156,29025900,0.03201625157551051
2008-02-08,40.56999969482422,41.95000076293945,40.560001373291016,41.91999816894531,30.267311096191406,20466300,0.02365530844085912
2008-02-11,41.93000030517578,42.400001525878906,41.65999984741211,41.86000061035156,30.223989486694336,18786600,-0.0014323255240347836
2008-02-12,42.25,42.310001373291016,40.75,40.939998626708984,29.559730529785156,22978800,-0.0222229829168243
2008-02-13,41.439998626708984,42.349998474121094,41.31999969482422,42.0099983215332,30.332298278808594,17547200,0.025800114593909965
2008-02-14,41.939998626708984,41.97999954223633,40.7400016784668,40.869998931884766,29.509185791015625,15620700,-0.027511496967388183
2008-02-15,40.310001373291016,42.27000045776367,40.209999084472656,42.20000076293945,30.4694881439209,21906900,0.03202419654416802
2008-02-19,42.54999923706055,43.189998626708984,41.720001220703125,41.95000076293945,30.288984298706055,18927600,-0.00594170225147347
2008-02-20,42.0,43.4900016784668,41.75,43.369998931884766,31.314247131347656,18768800,0.03328908198320047
2008-02-21,43.36000061035156,43.59000015258789,42.13999938964844,42.41999816894531,30.628337860107422,17283500,-0.02214751962220399
2008-02-22,42.7599983215332,44.849998474121094,42.349998474121094,43.470001220703125,31.386457443237305,25326600,0.024450853988369794
2008-02-25,43.369998931884766,44.2599983215332,43.02000045776367,43.720001220703125,31.566959381103516,18324800,0.005734476112974926
2008-02-26,43.68000030517578,44.38999938964844,43.119998931884766,43.63999938964844,31.509204864501953,17222600,-0.0018312633126130425
2008-02-27,43.45000076293945,44.220001220703125,43.02000045776367,43.790000915527344,31.71927833557129,14583900,0.0066449243574993894
2008-02-28,43.400001525878906,43.93000030517578,43.0,43.31999969482422,31.378820419311523,11547800,-0.010791489030856971
2008-02-29,42.619998931884766,42.900001525878906,42.11000061035156,42.38999938964844,30.705177307128906,19701800,-0.021701874090862522
2008-03-03,42.0099983215332,42.119998931884766,40.599998474121094,41.119998931884766,29.785259246826172,22835700,-0.030417667318849078
2008-03-04,40.88999938964844,41.31999969482422,40.34000015258789,41.209999084472656,29.85043716430664,20366500,0.002185870119901038
2008-03-05,41.27000045776367,42.11000061035156,40.970001220703125,41.5,30.06050682067871,15091200,0.007012759382939426
2008-03-06,41.310001373291016,41.5099983215332,40.290000915527344,40.43000030517578,29.28544807434082,13658400,-0.02612150458739535
2008-03-07,40.209999084472656,40.689998626708984,39.5,40.2400016784668,29.147829055786133,17413000,-0.004710304804363158
2008-03-10,40.09000015258789,40.25,39.02000045776367,39.16999816894531,28.372772216796875,16535900,-0.026950474557002356
2008-03-11,39.540000915527344,39.91999816894531,37.86000061035156,39.41999816894531,28.553855895996094,29063000,0.006362024099704664
2008-03-12,40.52000045776367,40.75,39.560001373291016,39.75,28.792898178100586,23217300,0.008336781059498399
2008-03-13,39.5,40.52000045776367,38.97999954223633,40.25,29.155065536499023,17828200,0.012499906841262697
2008-03-14,40.36000061035156,40.5099983215332,38.72999954223633,39.22999954223633,28.41623306274414,27294200,-0.025668103946382085
2008-03-17,38.599998474121094,39.58000183105469,38.459999084472656,38.5,27.887454986572266,20573300,-0.01878362294036239
2008-03-18,39.25,40.189998626708984,38.86000061035156,40.130001068115234,29.068153381347656,17890800,0.04146624372997203
2008-03-19,39.5099983215332,39.709999084472656,37.849998474121094,37.849998474121094,27.4166316986084,27989800,-0.05849336383378556
2008-03-20,38.11000061035156,38.290000915527344,36.90999984741211,38.27000045776367,27.720869064331055,37463300,0.011035699811486534
2008-03-24,38.349998474121094,40.06999969482422,38.349998474121094,39.88999938964844,28.89430046081543,19831400,0.04145883442268845
2008-03-25,40.54999923706055,41.0,39.79999923706055,40.79999923706055,29.553455352783203,22108900,0.02255630964830027
2008-03-26,40.279998779296875,40.630001068115234,39.93000030517578,40.4900016784668,29.32890510559082,14585800,-0.007627117323600104
2008-03-27,40.29999923706055,40.470001220703125,39.689998626708984,39.720001220703125,28.771167755126953,12823400,-0.01919978603142972
2008-03-28,40.09000015258789,41.34000015258789,39.869998931884766,40.13999938964844,29.07539176940918,15347400,0.010518406682918058
2008-03-31,40.279998779296875,41.189998626708984,39.75,41.0,29.69833755493164,19161800,0.021198896904367496
2008-04-01,41.25,42.36000061035156,40.84000015258789,42.220001220703125,30.58202362060547,27579300,0.02932130329461538
2008-04-02,42.369998931884766,42.459999084472656,41.439998626708984,41.95000076293945,30.386465072631836,20230500,-0.006415091560343139
2008-04-03,41.709999084472656,42.34000015258789,41.70000076293945,41.88999938964844,30.343008041381836,15363600,-0.0014311679795394967
2008-04-04,42.09000015258789,42.65999984741211,41.720001220703125,42.04999923706055,30.458885192871094,15688900,0.0038116343297653526
2008-04-07,42.11000061035156,42.349998474121094,41.5099983215332,41.66999816894531,30.183639526367188,12146600,-0.009077707694574447
2008-04-08,41.29999923706055,42.27000045776367,41.27000045776367,42.08000183105469,30.48062515258789,14403100,0.009791200813105281
2008-04-09,42.08000183105469,42.189998626708984,41.18000030517578,41.5099983215332,30.067739486694336,12227900,-0.013638421724075051
2008-04-10,41.61000061035156,42.7599983215332,41.5099983215332,42.58000183105469,30.842805862426758,16733400,0.025450706688981646
2008-04-11,42.04999923706055,42.369998931884766,41.38999938964844,41.400001525878906,29.988061904907227,15012200,-0.028104159867206473
2008-04-14,41.22999954223633,41.84000015258789,41.0,41.36000061035156,29.959087371826172,8259300,-0.0009666693307990826
2008-04-15,41.439998626708984,42.0,40.650001525878906,41.189998626708984,29.8359432220459,10834500,-0.00411888154096158
2008-04-16,41.59000015258789,42.45000076293945,41.56999969482422,42.2599983215332,30.611003875732422,16010200,0.025645733008936016
2008-04-17,41.90999984741211,42.220001220703125,41.43000030517578,42.06999969482422,30.47338104248047,13976900,-0.004505998261068128
2008-04-18,42.59000015258789,43.0,42.20000076293945,42.54999923706055,30.82107162475586,29488700,0.011345049883413828
2008-04-21,42.279998779296875,42.70000076293945,42.15999984741211,42.619998931884766,30.871767044067383,16523700,0.0016434786213827054
2008-04-22,42.439998626708984,42.439998626708984,41.25,41.54999923706055,30.09671974182129,16060500,-0.025425891203036215
2008-04-23,42.06999969482422,42.310001373291016,41.709999084472656,41.88999938964844,30.343008041381836,18246000,0.008149926276136102
2008-04-24,41.869998931884766,43.91999816894531,41.84000015258789,43.15999984741211,31.262928009033203,20446800,0.02986687350743146
2008-04-25,43.06999969482422,43.47999954223633,42.459999084472656,43.2400016784668,31.32086181640625,14281500,0.0018514003093410383
2008-04-28,43.18000030517578,44.0099983215332,43.11000061035156,43.290000915527344,31.35710334777832,14297100,0.0011564362472868805
2008-04-29,43.220001220703125,43.900001525878906,43.18000030517578,43.7599983215332,31.697526931762695,11307500,0.010797839589647118
2008-04-30,43.650001525878906,44.0,43.099998474121094,43.189998626708984,31.28465461730957,15928400,-0.013110953561071191
2008-05-01,43.20000076293945,44.36000061035156,42.83000183105469,44.36000061035156,32.13215255737305,14911000,0.02672945662543103
2008-05-02,44.66999816894531,44.900001525878906,44.0099983215332,44.33000183105469,32.110408782958984,15634700,-0.0006769274073360083
2008-05-05,44.08000183105469,44.369998931884766,43.619998931884766,43.93000030517578,31.820661544799805,9921600,-0.009064425812546833
2008-05-06,43.77000045776367,44.709999084472656,43.380001068115234,44.54999923706055,32.269771575927734,13544600,0.014015114598123967
2008-05-07,44.5099983215332,44.68000030517578,43.470001220703125,43.540000915527344,31.538166046142578,14031000,-0.02293249458735744
2008-05-08,43.86000061035156,44.61000061035156,43.560001373291016,44.099998474121094,31.943801879882812,12364000,0.012779734710062165
2008-05-09,43.400001525878906,44.27000045776367,43.400001525878906,43.720001220703125,31.668554306030273,8393500,-0.008653956814377459
2008-05-12,43.709999084472656,44.650001525878906,43.470001220703125,44.630001068115234,32.32771682739258,13162700,0.02060075755731314
2008-05-13,44.630001068115234,44.779998779296875,43.88999938964844,44.56999969482422,32.28425216674805,13056700,-0.001345406056417086
2008-05-14,44.790000915527344,45.0,44.040000915527344,44.130001068115234,31.965547561645508,15918300,-0.009920878211482291
2008-05-15,44.04999923706055,45.040000915527344,44.0099983215332,45.0,32.59572219848633,15732400,0.0195223747477451
2008-05-16,45.310001373291016,46.95000076293945,44.95000076293945,46.900001525878906,33.97198486328125,31348300,0.04135515149599948
2008-05-19,46.619998931884766,48.36000061035156,46.540000915527344,47.349998474121094,34.29795837402344,29011100,0.009549619424011389
2008-05-20,46.93000030517578,47.0099983215332,45.66999816894531,46.060001373291016,33.363525390625,20302900,-0.027622580693014345
2008-05-21,46.27000045776367,47.349998474121094,45.9900016784668,46.18000030517578,33.450462341308594,21791300,0.0026023592573397813
2008-05-22,46.380001068115234,46.45000076293945,45.75,45.869998931884766,33.22590637207031,16485600,-0.006735724292703769
2008-05-23,45.779998779296875,48.099998474121094,45.75,47.7599983215332,34.594940185546875,28220100,0.040377549909254816
2008-05-27,48.029998779296875,48.959999084472656,47.400001525878906,48.849998474121094,35.38446807861328,23223200,0.022565535059221414
2008-05-28,48.91999816894531,48.939998626708984,48.0099983215332,48.31999969482422,35.11559295654297,16655700,-0.007627693416305765
2008-05-29,48.369998931884766,49.29999923706055,48.2599983215332,49.220001220703125,35.7696418762207,21431200,0.018454265772547888
2008-05-30,49.45000076293945,49.5,48.5,48.540000915527344,35.27546691894531,20200200,-0.013911807182283943
2008-06-02,48.61000061035156,48.689998626708984,46.97999954223633,47.70000076293945,34.665000915527344,18561100,-0.017457175386019368
2008-06-03,48.54999923706055,48.54999923706055,46.599998474121094,46.9900016784668,34.149024963378906,22860800,-0.014996524780776004
2008-06-04,46.65999984741211,48.560001373291016,46.599998474121094,48.45000076293945,35.21006774902344,25562200,0.03059802328225494
2008-06-05,48.25,49.38999938964844,47.93000030517578,49.38999938964844,35.8931884765625,23046500,0.01921548415653131
2008-06-06,49.029998779296875,49.11000061035156,46.869998931884766,47.13999938964844,34.25803756713867,25267200,-0.04662633079335875
2008-06-09,47.400001525878906,47.47999954223633,46.29999923706055,47.11000061035156,34.236244201660156,18893500,-0.0006363557847795243
2008-06-10,46.59000015258789,48.099998474121094,46.45000076293945,47.41999816894531,34.46153259277344,19610400,0.006558849769411251
2008-06-11,47.279998779296875,47.400001525878906,46.29999923706055,46.310001373291016,33.65486145019531,18079500,-0.02368618796758221
2008-06-12,47.79999923706055,49.36000061035156,47.220001220703125,48.97999954223633,35.59523010253906,42783200,0.05605412631047361
2008-06-13,49.380001068115234,50.0,48.75,49.9900016784668,36.32923126220703,25822200,0.02041104314971816
2008-06-16,49.38999938964844,50.18000030517578,49.189998626708984,49.540000915527344,36.002197265625,21733000,-0.009042714397267762
2008-06-17,49.779998779296875,49.810001373291016,48.439998626708984,48.630001068115234,35.34088134765625,17363500,-0.018539566073112256
2008-06-18,48.349998474121094,49.529998779296875,48.04999923706055,49.099998474121094,35.682437896728516,24226000,0.009618226402999832
2008-06-19,48.869998931884766,50.81999969482422,48.790000915527344,50.36000061035156,36.598106384277344,25733000,0.025337868854680062
2008-06-20,49.849998474121094,49.86000061035156,47.88999938964844,48.529998779296875,35.268192291259766,37479400,-0.03701501143738887
2008-06-23,48.869998931884766,49.0,47.72999954223633,47.810001373291016,34.74494552612305,15831500,-0.014947380551074672
2008-06-24,47.52000045776367,47.75,45.790000915527344,46.27000045776367,33.62578201293945,30509900,-0.03274101440393616
2008-06-25,46.779998779296875,47.779998779296875,46.5099983215332,47.15999984741211,34.272579193115234,24585700,0.0190524994730629
2008-06-26,46.66999816894531,46.849998474121094,45.09000015258789,45.11000061035156,32.782779693603516,23792400,-0.04444222583193977
2008-06-27,45.11000061035156,46.08000183105469,44.810001373291016,45.650001525878906,33.17521667480469,26744900,0.01189974328152291
2008-06-30,45.709999084472656,45.939998626708984,44.34000015258789,44.369998931884766,32.244991302490234,21945600,-0.028440388734344454
2008-07-01,44.150001525878906,45.849998474121094,44.150001525878906,45.81999969482422,33.298763275146484,30055100,0.03215753468198256
2008-07-02,46.189998626708984,46.63999938964844,45.0099983215332,45.04999923706055,32.73917770385742,23219000,-0.016947801732819047
2008-07-03,45.54999923706055,45.93000030517578,44.93000030517578,45.04999923706055,32.73917770385742,8972900,0.0
2008-07-07,45.970001220703125,46.59000015258789,44.75,45.36000061035156,32.96445083618164,20156000,0.006857277750614934
2008-07-08,45.439998626708984,47.599998474121094,45.400001525878906,47.54999923706055,34.55600357055664,28476300,0.04715156639327047
2008-07-09,47.70000076293945,48.119998931884766,46.529998779296875,46.58000183105469,33.85107421875,24826300,-0.020610566293522283
2008-07-10,46.869998931884766,48.380001068115234,46.47999954223633,48.16999816894531,35.00656509399414,26129600,0.03356488448392066
2008-07-11,47.61000061035156,49.0,47.220001220703125,48.33000183105469,35.12285232543945,23071100,0.003316364011115585
2008-07-14,48.79999923706055,49.2599983215332,47.599998474121094,47.84000015258789,34.766754150390625,25793800,-0.01019039237899917
2008-07-15,47.63999938964844,48.34000015258789,45.939998626708984,46.900001525878906,34.0836296081543,28348500,-0.01984439076901965
2008-07-16,46.880001068115234,47.099998474121094,45.90999984741211,46.97999954223633,34.14177322387695,25861900,0.0017044569144500444
2008-07-17,47.560001373291016,47.959999084472656,45.06999969482422,45.560001373291016,33.10981369018555,31480500,-0.030691931243233106
2008-07-18,45.400001525878906,45.7400016784668,45.0099983215332,45.189998626708984,32.84092712402344,22396700,-0.008154208814688691
2008-07-21,45.4900016784668,46.0,44.54999923706055,45.279998779296875,32.90631866455078,14501800,0.001989180270747828
2008-07-22,44.849998474121094,45.97999954223633,42.689998626708984,44.099998474121094,32.04878234863281,29561900,-0.026405505601470862
2008-07-23,43.41999816894531,45.08000183105469,42.75,44.81999969482422,32.5720329284668,44275500,0.016194844145728235
2008-07-24,53.5,54.5099983215332,51.599998474121094,52.43000030517578,38.10243606567383,106860800,0.15682418427192038
2008-07-25,52.83000183105469,55.04999923706055,52.70000076293945,54.45000076293945,39.5704345703125,34570700,0.03780401883449754
2008-07-28,54.40999984741211,55.220001220703125,53.25,53.41999816894531,38.82189178466797,23127200,-0.019097928884163718
2008-07-29,53.470001220703125,54.970001220703125,53.20000076293945,54.91999816894531,39.911991119384766,21181100,0.027692499283227874
2008-07-30,55.060001373291016,55.650001525878906,53.970001220703125,55.63999938964844,40.43524169921875,24541600,0.013024915951524135
2008-07-31,55.11000061035156,56.0,54.77000045776367,55.34000015258789,40.217227935791016,21966100,-0.005406264567407205
2008-08-01,55.4900016784668,55.900001525878906,53.97999954223633,55.470001220703125,40.31170654296875,21655200,0.0023464522693096923
2008-08-04,54.439998626708984,54.4900016784668,52.45000076293945,52.869998931884766,38.42220687866211,26330900,-0.04800631513513339
2008-08-05,53.52000045776367,55.75,53.34000015258789,55.72999954223633,40.50065612792969,23779000,0.05268257809877255
2008-08-06,55.29999923706055,55.900001525878906,54.790000915527344,55.560001373291016,40.37710952758789,14692600,-0.003055146131653052
2008-08-07,55.290000915527344,55.88999938964844,54.70000076293945,55.380001068115234,40.24628829956055,14672300,-0.0032452450868180305
2008-08-08,54.38999938964844,56.0,54.209999084472656,55.86000061035156,40.59512710571289,26045000,0.008630253925276549
2008-08-11,55.88999938964844,56.0,53.869998931884766,54.41999816894531,39.54862976074219,20973500,-0.026116989510294716
2008-08-12,54.47999954223633,54.810001373291016,53.810001373291016,54.209999084472656,39.396018981933594,14602200,-0.0038662777361760676
2008-08-13,54.04999923706055,56.02000045776367,53.900001525878906,55.38999938964844,40.25355911254883,17479700,0.021533654980571047
2008-08-14,55.04999923706055,56.5,55.0099983215332,56.349998474121094,40.95122146606445,16256500,0.017183212973556378
2008-08-15,56.52000045776367,56.880001068115234,55.369998931884766,56.369998931884766,40.965763092041016,18915800,0.000355033237801665
2008-08-18,56.439998626708984,56.72999954223633,55.0099983215332,55.34000015258789,40.217227935791016,12256900,-0.01844121188521274
2008-08-19,55.09000015258789,55.84000015258789,54.40999984741211,54.790000915527344,39.817527770996094,10957000,-0.009988247837330627
2008-08-20,55.04999923706055,55.59000015258789,54.529998779296875,54.95000076293945,39.933799743652344,16899800,0.002915865068607898
2008-08-21,54.95000076293945,55.099998474121094,54.119998931884766,54.709999084472656,39.75939178466797,13137600,-0.004376992164142185
2008-08-22,55.130001068115234,55.7599983215332,54.38999938964844,55.40999984741211,40.26809310913086,8053500,0.012713336595720088
2008-08-25,54.86000061035156,55.060001373291016,53.709999084472656,53.880001068115234,39.15620040893555,11772800,-0.02800063549692223
2008-08-26,53.970001220703125,54.5,52.88999938964844,53.5,38.88003921508789,11598100,-0.007077797393624373
2008-08-27,53.529998779296875,54.7400016784668,53.0099983215332,54.08000183105469,39.419437408447266,11245200,0.013778041683599465
2008-08-28,54.369998931884766,54.4900016784668,53.86000061035156,53.970001220703125,39.33925247192383,9641600,-0.00203621884392378
2008-08-29,53.16999816894531,53.59000015258789,52.220001220703125,52.650001525878906,38.377098083496094,14512200,-0.024761933451517983
2008-09-02,53.310001373291016,53.540000915527344,50.88999938964844,51.16999816894531,37.298301696777344,20056700,-0.02851308290269435
2008-09-03,50.810001373291016,50.810001373291016,48.599998474121094,49.2599983215332,35.906097412109375,29896600,-0.03804066927494327
2008-09-04,49.040000915527344,50.09000015258789,48.5099983215332,48.540000915527344,35.381282806396484,30974100,-0.01472417939288305
2008-09-05,47.58000183105469,48.45000076293945,46.7400016784668,47.66999816894531,34.747127532958984,26351600,-0.01808603835572703
2008-09-08,48.29999923706055,48.56999969482422,46.08000183105469,46.279998779296875,33.73393249511719,32833200,-0.029592677931676997
2008-09-09,46.41999816894531,46.849998474121094,45.47999954223633,45.61000061035156,33.24556350708008,27672200,-0.014582899899464275
2008-09-10,46.54999923706055,47.459999084472656,46.25,46.72999954223633,34.061954498291016,26323500,0.024259727725140685
2008-09-11,46.4900016784668,49.25,46.40999984741211,49.09000015258789,35.78217697143555,26527600,0.04926886191216092
2008-09-12,48.40999984741211,49.0,47.5,47.91999816894531,34.929351806640625,19513000,-0.024122417755872944
2008-09-15,46.529998779296875,48.290000915527344,46.380001068115234,46.81999969482422,34.12755584716797,20254700,-0.023222354401623863
2008-09-16,46.54999923706055,48.70000076293945,45.5099983215332,47.91999816894531,34.929351806640625,31298300,0.023222354401623808
2008-09-17,46.83000183105469,47.27000045776367,44.939998626708984,44.939998626708984,32.75719451904297,30118500,-0.06420488379651558
2008-09-18,45.9900016784668,47.5,44.18000030517578,46.70000076293945,34.040096282958984,39321300,0.03841651429930548
2008-09-19,48.75,49.25,37.81999969482422,48.7400016784668,35.52705383300781,37686800,0.042755353823806984
2008-09-22,48.40999984741211,48.7400016784668,45.7400016784668,45.959999084472656,33.50069046020508,18505500,-0.058728436678027116
2008-09-23,46.29999923706055,47.56999969482422,45.43000030517578,45.90999984741211,33.4642448425293,20851900,-0.0010884986630541923
2008-09-24,46.11000061035156,46.459999084472656,44.52000045776367,45.290000915527344,33.012325286865234,19089900,-0.013596565431457873
2008-09-25,45.91999816894531,47.22999954223633,45.33000183105469,46.540000915527344,33.9234733581543,16771700,0.027226218935322493
2008-09-26,45.4900016784668,46.2400016784668,44.83000183105469,45.84000015258789,33.41322326660156,21144100,-0.015155476393667744
2008-09-29,45.0,45.56999969482422,38.0,39.880001068115234,29.06892204284668,50886600,-0.13928209536432656
2008-09-30,41.04999923706055,43.16999816894531,40.720001220703125,42.970001220703125,31.32124900817871,29727700,0.07462711680653941
2008-10-01,42.790000915527344,42.790000915527344,40.5,41.52000045776367,30.26433753967285,21609000,-0.03432670881734307
2008-10-02,41.209999084472656,41.540000915527344,39.560001373291016,40.56999969482422,29.571863174438477,27523500,-0.02314669962082303
2008-10-03,40.56999969482422,43.2400016784668,40.5,40.869998931884766,29.790542602539062,29484800,0.007367639988171179
2008-10-06,39.79999923706055,40.7599983215332,37.7400016784668,40.22999954223633,29.324033737182617,34690200,-0.015783536952401717
2008-10-07,40.560001373291016,42.04999923706055,38.939998626708984,39.18000030517578,28.55868911743164,32704800,-0.026446206689582818
2008-10-08,38.54999923706055,43.13999938964844,38.31999969482422,41.06999969482422,29.936317443847656,40195400,0.04711113639075616
2008-10-09,41.900001525878906,43.08000183105469,39.029998779296875,39.68000030517578,28.923147201538086,34036700,-0.034430157793326234
2008-10-10,38.959999084472656,42.45000076293945,36.02000045776367,38.97999954223633,28.412885665893555,47317600,-0.017799452868684104
2008-10-13,40.529998779296875,42.4900016784668,38.52000045776367,42.29999923706055,30.8328857421875,29271300,0.08173907637817616
2008-10-14,42.880001068115234,43.099998474121094,39.369998931884766,40.31999969482422,29.38964080810547,28862700,-0.04793958048754287
2008-10-15,39.61000061035156,40.04999923706055,36.130001068115234,36.310001373291016,26.466705322265625,30817000,-0.10475471866485012
2008-10-16,37.380001068115234,39.130001068115234,35.709999084472656,38.88999938964844,28.347291946411133,37436900,0.0686439633158638
2008-10-17,37.66999816894531,40.81999969482422,37.650001525878906,39.75,28.97416877746582,33885400,0.02187319779886235
2008-10-20,40.060001373291016,40.5,37.5,40.290000915527344,29.367769241333008,27327100,0.013493087439401806
2008-10-21,39.34000015258789,39.5,36.36000061035156,36.630001068115234,26.69996452331543,32346400,-0.0952355519865019
2008-10-22,36.869998931884766,37.959999084472656,34.79999923706055,35.63999938964844,25.978328704833984,30380700,-0.027399557585333276
2008-10-23,35.290000915527344,36.77000045776367,33.36000061035156,35.27000045776367,25.70864486694336,30951900,-0.010435367620151875
2008-10-24,32.25,35.849998474121094,32.209999084472656,34.9900016784668,25.504545211791992,26030700,-0.007970631604494738
2008-10-27,34.2400016784668,36.16999816894531,33.849998474121094,33.97999954223633,24.768348693847656,19371600,-0.029290104170874635
2008-10-28,35.29999923706055,39.060001373291016,34.119998931884766,38.90999984741211,28.361873626708984,28061900,0.1354791895938841
2008-10-29,38.52000045776367,40.08000183105469,37.2400016784668,37.91999816894531,27.640262603759766,25847300,-0.025772265589621375
2008-10-30,39.400001525878906,39.95000076293945,38.08000183105469,39.720001220703125,28.952295303344727,21726500,0.046375986251784004
2008-10-31,39.470001220703125,39.54999923706055,37.70000076293945,38.2599983215332,27.888086318969727,26963100,-0.037449901991708535
2008-11-03,38.209999084472656,38.2599983215332,36.310001373291016,37.20000076293945,27.115440368652344,18155000,-0.028096263036473463
2008-11-04,37.83000183105469,38.880001068115234,36.58000183105469,37.959999084472656,27.66939926147461,24621100,0.020223761800683034
2008-11-05,37.61000061035156,37.630001068115234,34.720001220703125,35.16999816894531,25.635753631591797,29314300,-0.07633907939396402
2008-11-06,33.9900016784668,35.06999969482422,32.970001220703125,33.04999923706055,24.090463638305664,42323500,-0.06217194081279718
2008-11-07,34.310001373291016,36.439998626708984,34.06999969482422,35.65999984741211,25.992919921875,38821700,0.07600812770960128
2008-11-10,36.11000061035156,36.56999969482422,34.77000045776367,35.310001373291016,25.737804412841797,20949900,-0.00986329035762722
2008-11-11,34.95000076293945,36.130001068115234,34.790000915527344,35.06999969482422,25.562862396240234,24321900,-0.006820289310886086
2008-11-12,34.4900016784668,34.540000915527344,32.45000076293945,32.56999969482422,23.74058723449707,27448500,-0.07395448561874765
2008-11-13,32.630001068115234,34.97999954223633,30.81999969482422,34.81999969482422,25.380632400512695,29353600,0.06680025429987978
2008-11-14,33.220001220703125,34.599998474121094,32.29999923706055,32.939998626708984,24.01028060913086,24136000,-0.05550428191136621
2008-11-17,32.22999954223633,32.75,31.549999237060547,31.649999618530273,23.069990158081055,21562400,-0.03994945176789558
2008-11-18,31.8700008392334,32.0,29.979999542236328,31.809999465942383,23.186614990234375,26651400,0.005042526527759377
2008-11-19,31.469999313354492,32.66999816894531,30.0,30.010000228881836,21.874576568603516,22186800,-0.058250096909700566
2008-11-20,29.760000228881836,31.610000610351562,29.079999923706055,29.209999084472656,21.29144859313965,35930600,-0.027019557590062776
2008-11-21,29.770000457763672,30.200000762939453,28.15999984741211,30.170000076293945,21.991209030151367,36280100,0.03233726636013841
2008-11-24,31.0,33.16999816894531,30.649999618530273,32.81999969482422,23.922819137573242,26755500,0.08418999509724007
2008-11-25,33.439998626708984,33.5,31.040000915527344,32.689998626708984,23.828048706054688,21889000,-0.0039693752273559785
2008-11-26,32.13999938964844,33.45000076293945,32.0,33.45000076293945,24.382030487060547,16502600,0.02298300170183578
2008-11-28,33.220001220703125,33.599998474121094,32.83000183105469,33.56999969482422,24.46949577331543,6553700,0.003580865795255
2008-12-01,32.66999816894531,32.720001220703125,29.90999984741211,29.959999084472656,21.838132858276367,20584000,-0.11376961594463665
2008-12-02,30.790000915527344,31.239999771118164,29.889999389648438,30.540000915527344,22.260902404785156,20637300,0.019174228939321886
2008-12-03,29.600000381469727,30.56999969482422,29.510000228881836,30.299999237060547,22.085960388183594,25503400,-0.00788975422695043
2008-12-04,29.979999542236328,31.170000076293945,29.600000381469727,30.079999923706055,21.92560386657715,21984900,-0.007287049843074704
2008-12-05,29.989999771118164,32.0,29.34000015258789,31.899999618530273,23.252220153808594,27007500,0.058745537706627125
2008-12-08,32.310001373291016,34.11000061035156,32.16999816894531,33.529998779296875,24.44034194946289,29331600,0.049834507630237904
2008-12-09,32.91999816894531,34.36000061035156,32.41999816894531,33.47999954223633,24.52090072631836,20545700,0.003290719154551384
2008-12-10,34.11000061035156,34.95000076293945,33.599998474121094,34.470001220703125,25.245986938476562,20765400,0.029141365214900145
2008-12-11,33.959999084472656,34.4900016784668,32.38999938964844,32.59000015258789,23.869062423706055,19825700,-0.05608404881831426
2008-12-12,31.780000686645508,34.290000915527344,31.690000534057617,33.91999816894531,24.843162536621094,19727500,0.03999940410813587
2008-12-15,33.900001525878906,34.400001525878906,32.869998931884766,33.810001373291016,24.762603759765625,18018200,-0.0032479630369493316
2008-12-16,34.06999969482422,36.380001068115234,34.040000915527344,36.060001373291016,26.41050910949707,27979900,0.06442740105854368
2008-12-17,35.65999984741211,36.25,34.75,35.099998474121094,25.707399368286133,19988900,-0.02698313964691761
2008-12-18,34.869998931884766,34.959999084472656,33.84000015258789,34.119998931884766,24.98964500427246,17718600,-0.028317324390362022
2008-12-19,34.45000076293945,35.099998474121094,34.279998779296875,35.029998779296875,25.6561279296875,23157000,0.026320909489552843
2008-12-22,34.90999984741211,34.9900016784668,33.81999969482422,34.810001373291016,25.495004653930664,16026400,-0.006299911674228609
2008-12-23,34.5,34.95000076293945,34.0,34.18000030517578,25.033584594726562,14039100,-0.018264229925406435
2008-12-24,34.060001373291016,34.59000015258789,33.77000045776367,34.15999984741211,25.018943786621094,5426800,-0.0005850177402222195
2008-12-26,33.880001068115234,34.56999969482422,33.880001068115234,34.43000030517578,25.216686248779297,8277700,0.00787263873596984
2008-12-29,34.43000030517578,34.86000061035156,33.63999938964844,34.099998474121094,24.974990844726562,13043300,-0.00963097016328605
2008-12-30,34.20000076293945,35.099998474121094,34.0,34.939998626708984,25.590213775634766,12049900,0.024335046053734165
2008-12-31,34.9900016784668,36.29999923706055,34.90999984741211,35.83000183105469,26.242063522338867,15051800,0.025153597306166404
2009-01-02,35.650001525878906,37.130001068115234,35.349998474121094,37.04999923706055,27.135591506958008,14756600,0.033482604632597605
2009-01-05,36.599998474121094,36.900001525878906,36.04999923706055,36.45000076293945,26.696155548095703,16601600,-0.016326637873154953
2009-01-06,36.900001525878906,37.709999084472656,36.349998474121094,37.150001525878906,27.20883560180664,16507800,0.01902219077874984
2009-01-07,36.5,36.68000030517578,35.119998931884766,35.54999923706055,26.0369815826416,16718900,-0.04402386287848109
2009-01-08,35.369998931884766,35.59000015258789,34.4900016784668,35.279998779296875,25.839237213134766,16352300,-0.007623737113485984
2009-01-09,35.54999923706055,35.90999984741211,33.5099983215332,35.0,25.634170532226562,15970000,-0.007967910998014282
2009-01-12,34.9900016784668,35.52000045776367,34.33000183105469,34.86000061035156,25.531627655029297,13900700,-0.00400826404041651
2009-01-13,34.959999084472656,35.79999923706055,34.5099983215332,35.13999938964844,25.73670196533203,16203600,0.008000081359078376
2009-01-14,34.279998779296875,34.869998931884766,33.59000015258789,33.7599983215332,24.725982666015625,15782900,-0.04006344464212307
2009-01-15,33.529998779296875,35.18000030517578,33.290000915527344,34.79999923706055,25.487680435180664,22940100,0.030340594693541723
2009-01-16,35.349998474121094,36.380001068115234,34.90999984741211,36.02000045776367,26.381214141845703,29298500,0.034456956083739124
2009-01-20,35.709999084472656,36.099998474121094,34.09000015258789,34.13999938964844,25.004287719726562,21074100,-0.05360485236765401
2009-01-21,34.84000015258789,35.869998931884766,34.66999816894531,35.869998931884766,26.271360397338867,20421800,0.049432068610462634
2009-01-22,34.599998474121094,36.779998779296875,34.599998474121094,36.060001373291016,26.41050910949707,27819500,0.0052826157101604635
2009-01-23,35.5,37.209999084472656,35.439998626708984,36.56999969482422,26.78403091430664,24189900,0.014043845242447372
2009-01-26,36.2599983215332,37.02000045776367,35.86000061035156,36.58000183105469,26.791364669799805,22296100,0.000273773266963911
2009-01-27,36.68000030517578,36.81999969482422,35.22999954223633,35.630001068115234,26.0955753326416,24662800,-0.026313849309103212
2009-01-28,36.08000183105469,37.06999969482422,36.0,36.81999969482422,26.96713638305664,30818500,0.032853181179933556
2009-01-29,34.400001525878906,35.18000030517578,33.77000045776367,35.130001068115234,25.729373931884766,40280000,-0.046985659878235365
2009-01-30,34.84000015258789,35.060001373291016,34.33000183105469,34.54999923706055,25.304574966430664,20790900,-0.016648085675333366
2009-02-02,34.15999984741211,35.59000015258789,33.81999969482422,35.290000915527344,25.8465633392334,18521700,0.02119243775979734
2009-02-03,34.66999816894531,35.060001373291016,33.369998931884766,34.220001220703125,25.06288719177246,32477900,-0.03078949186267508
2009-02-04,34.29999923706055,34.95000076293945,33.68000030517578,33.83000183105469,24.777246475219727,20389700,-0.011462402805865654
2009-02-05,33.56999969482422,35.43000030517578,33.060001373291016,35.040000915527344,25.66345977783203,30422000,0.03514243046876249
2009-02-06,35.2599983215332,36.630001068115234,34.619998931884766,36.31999969482422,26.600934982299805,27404600,0.03587818322180852
2009-02-09,36.2400016784668,36.900001525878906,36.0,36.650001525878906,26.84262466430664,16853600,0.00904473172315665
2009-02-10,36.2599983215332,36.650001525878906,34.689998626708984,35.02000045776367,25.648805618286133,24623000,-0.045494090660212615
2009-02-11,34.790000915527344,35.560001373291016,33.91999816894531,34.61000061035156,25.348526000976562,21463000,-0.011776423514811426
2009-02-12,34.25,35.79999923706055,34.130001068115234,35.540000915527344,26.0296630859375,26075000,0.026516193195542603
2009-02-13,35.349998474121094,36.369998931884766,35.349998474121094,35.68000030517578,26.132186889648438,18238700,0.003930993083313184
2009-02-17,35.20000076293945,35.540000915527344,34.099998474121094,34.720001220703125,25.4290828704834,22286800,-0.027274254788735214
2009-02-18,35.0,35.18000030517578,34.0,34.31999969482422,25.136125564575195,23205400,-0.011587437009912415
2009-02-19,34.70000076293945,35.09000015258789,33.779998779296875,33.84000015258789,24.784578323364258,20371600,-0.014084458961470666
2009-02-20,33.5099983215332,34.560001373291016,33.43000030517578,34.06999969482422,24.953031539916992,22740400,0.00677370147502633
2009-02-23,33.83000183105469,34.25,32.66999816894531,32.779998779296875,24.008222579956055,20273700,-0.03859894025276507
2009-02-24,33.16999816894531,34.709999084472656,33.060001373291016,34.4900016784668,25.26064109802246,25690400,0.050851117399930326
2009-02-25,34.09000015258789,34.72999954223633,33.11000061035156,33.93000030517578,24.966306686401367,21050600,-0.011720313253572376
2009-02-26,34.2599983215332,35.369998931884766,33.56999969482422,33.65999984741211,24.767637252807617,24745800,-0.007989331816585486
2009-02-27,33.38999938964844,34.209999084472656,33.31999969482422,33.43000030517578,24.5983943939209,25019800,-0.006856679230907404
2009-03-02,32.93000030517578,33.779998779296875,32.63999938964844,32.790000915527344,24.12746810913086,22922500,-0.01933022523449304
2009-03-03,33.45000076293945,34.130001068115234,32.91999816894531,33.45000076293945,24.613115310668945,24766800,0.019928496544416377
2009-03-04,34.130001068115234,35.2599983215332,33.880001068115234,34.7400016784668,25.56233024597168,25827000,0.037840349458230886
2009-03-05,34.54999923706055,35.45000076293945,34.5,34.630001068115234,25.48137855529785,27301300,-0.003171860370029207
2009-03-06,34.7400016784668,35.06999969482422,32.66999816894531,33.630001068115234,24.745561599731445,33408800,-0.02930178903706018
2009-03-09,33.29999923706055,34.58000183105469,32.83000183105469,33.0,24.281997680664062,22845300,-0.01891090402439457
2009-03-10,33.5,35.38999938964844,33.369998931884766,35.36000061035156,26.018526077270508,33440400,0.06907358611273846
2009-03-11,35.40999984741211,35.7400016784668,34.54999923706055,35.349998474121094,26.011165618896484,23658500,-0.0002829330016447305
2009-03-12,35.45000076293945,36.970001220703125,35.33000183105469,36.790000915527344,27.07074546813965,27304400,0.03992774906573164
2009-03-13,36.630001068115234,36.83000183105469,35.91999816894531,36.75,27.04131507873535,17724000,-0.0010877572211716682
2009-03-16,36.880001068115234,36.959999084472656,35.7400016784668,35.84000015258789,26.37171745300293,15483800,-0.02507375726809332
2009-03-17,36.29999923706055,37.36000061035156,35.9900016784668,37.310001373291016,27.453371047973633,20393000,0.04019683997058862
2009-03-18,36.75,38.599998474121094,36.72999954223633,37.95000076293945,27.92429542541504,26388400,0.01700814641274132
2009-03-19,38.060001373291016,38.279998779296875,37.40999984741211,37.63999938964844,27.69619369506836,25166300,-0.00820212165494094
2009-03-20,37.650001525878906,38.04999923706055,36.650001525878906,37.060001373291016,27.269420623779297,27983000,-0.015529041308603476
2009-03-23,37.84000015258789,39.029998779296875,37.5,38.81999969482422,28.5644588470459,22472300,0.046397296668593935
2009-03-24,38.439998626708984,38.58000183105469,37.7599983215332,38.029998779296875,27.983158111572266,18068600,-0.020560414192415385
2009-03-25,38.130001068115234,38.97999954223633,37.369998931884766,38.5,28.329002380371094,24416600,0.012283265786359862
2009-03-26,38.779998779296875,39.70000076293945,38.709999084472656,39.540000915527344,29.09425163269043,23676300,0.026654517293663593
2009-03-27,39.08000183105469,39.41999816894531,38.61000061035156,38.939998626708984,28.652761459350586,15805000,-0.015290791737008026
2009-03-30,38.130001068115234,38.56999969482422,37.31999969482422,37.869998931884766,27.86543083190918,18252500,-0.02786294222973417
2009-03-31,38.4900016784668,39.619998931884766,38.2400016784668,38.90999984741211,28.630685806274414,27691200,0.027092190634891888
2009-04-01,38.27000045776367,39.7599983215332,38.060001373291016,39.68000030517578,29.197261810302734,20333000,0.019595858320646038
2009-04-02,39.95000076293945,41.529998779296875,39.720001220703125,41.310001373291016,30.396648406982422,34497000,0.040257421306462274
2009-04-03,41.47999954223633,41.47999954223633,40.630001068115234,41.189998626708984,30.30833625793457,18373700,-0.0029095538640156746
2009-04-06,40.45000076293945,40.68000030517578,39.66999816894531,40.65999984741211,29.918352127075195,16877900,-0.012950723077090954
2009-04-07,40.13999938964844,40.27000045776367,39.0099983215332,39.36000061035156,28.96180534362793,16011600,-0.032494170834622416
2009-04-08,39.88999938964844,40.5099983215332,39.529998779296875,40.220001220703125,29.59459686279297,16422300,0.02161390146051422
2009-04-09,40.77000045776367,42.0,40.689998626708984,41.650001525878906,30.646825790405273,21033400,0.034937287651582584
2009-04-13,40.939998626708984,41.13999938964844,40.52000045776367,40.880001068115234,30.080236434936523,13082000,-0.018660734645521333
2009-04-14,40.790000915527344,41.15999984741211,40.38999938964844,40.79999923706055,30.021371841430664,15840400,-0.0019588365109077187
2009-04-15,40.31999969482422,40.95000076293945,40.119998931884766,40.900001525878906,30.094970703125,15440100,0.0024485487755994905
2009-04-16,41.209999084472656,41.709999084472656,40.75,41.63999938964844,30.639463424682617,19057100,0.017930760950341008
2009-04-17,41.61000061035156,41.7599983215332,40.7400016784668,40.97999954223633,30.153833389282227,20677000,-0.015976773455571275
2009-04-20,40.11000061035156,40.459999084472656,39.27000045776367,39.630001068115234,29.160472869873047,18013500,-0.03349793561727839
2009-04-21,39.619998931884766,40.34000015258789,39.279998779296875,40.27000045776367,29.631399154663086,18350600,0.016020457953283516
2009-04-22,39.90999984741211,41.099998474121094,39.849998474121094,40.119998931884766,29.521026611328125,24932500,-0.0037318054161405083
2009-04-23,41.11000061035156,41.2599983215332,39.709999084472656,40.72999954223633,29.969881057739258,22301000,0.01509013667588015
2009-04-24,40.84000015258789,41.619998931884766,40.0099983215332,41.36000061035156,30.433441162109375,18937200,0.015349129430793538
2009-04-27,42.349998474121094,44.59000015258789,42.29999923706055,43.16999816894531,31.765274047851562,38182100,0.04283163999300782
2009-04-28,42.630001068115234,43.529998779296875,42.06999969482422,42.2400016784668,31.08095932006836,17556000,-0.021778290856599936
2009-04-29,42.58000183105469,43.560001373291016,42.0,43.08000183105469,31.69904899597168,17932600,0.019691289128983356
2009-04-30,43.34000015258789,43.560001373291016,41.720001220703125,42.31999969482422,31.139822006225586,22733500,-0.017799229837452028
2009-05-01,42.310001373291016,42.7599983215332,41.4900016784668,42.65999984741211,31.39000701904297,14351600,0.00800214399275619
2009-05-04,42.959999084472656,43.95000076293945,42.83000183105469,43.349998474121094,31.897714614868164,16111500,0.016044770595784085
2009-05-05,43.47999954223633,43.59000015258789,42.66999816894531,43.4900016784668,32.000728607177734,15643800,0.0032243064575874997
2009-05-06,43.88999938964844,44.209999084472656,42.81999969482422,43.72999954223633,32.17732620239258,16793600,0.005503377796622186
2009-05-07,43.75,44.18000030517578,41.709999084472656,42.34000015258789,31.154541015625,19988700,-0.0323020357099295
2009-05-08,42.83000183105469,43.11000061035156,41.31999969482422,41.790000915527344,30.74983787536621,19262800,-0.01307529170870054
2009-05-11,41.599998474121094,42.52000045776367,40.810001373291016,41.91999816894531,30.84549903869629,12694800,0.0031061195549570747
2009-05-12,41.95000076293945,42.2400016784668,40.41999816894531,40.93000030517578,30.11702537536621,16794600,-0.023900202511068506
2009-05-13,40.54999923706055,40.68000030517578,39.849998474121094,39.91999816894531,29.37386131286621,19149500,-0.024985431041035983
2009-05-14,40.209999084472656,40.86000061035156,40.029998779296875,40.529998779296875,29.822715759277344,13919400,0.015165169033829836
2009-05-15,40.349998474121094,41.15999984741211,40.20000076293945,40.720001220703125,29.9625186920166,14971800,0.004676846677840892
2009-05-18,41.08000183105469,42.18000030517578,40.93000030517578,41.9900016784668,30.896995544433594,16000800,0.030711723997338645
2009-05-19,41.75,42.7599983215332,41.25,42.34000015258789,31.154541015625,14572400,0.008301065996838611
2009-05-20,42.56999969482422,43.20000076293945,41.79999923706055,42.56999969482422,31.32378578186035,14100000,0.005417724477569375
2009-05-21,41.9900016784668,42.56999969482422,40.9900016784668,41.689998626708984,30.676259994506836,16613600,-0.02088867271014377
2009-05-22,41.650001525878906,42.09000015258789,41.20000076293945,41.310001373291016,30.396648406982422,11479000,-0.009156712805031629
2009-05-26,40.72999954223633,43.560001373291016,40.709999084472656,43.290000915527344,31.85354995727539,20202000,0.04681648187038354
2009-05-27,43.20000076293945,43.68000030517578,42.20000076293945,42.43000030517578,31.34383201599121,21180500,-0.016131332613772875
2009-05-28,42.900001525878906,43.20000076293945,41.77000045776367,42.95000076293945,31.727977752685547,13887800,0.012181368767994897
2009-05-29,43.310001373291016,43.650001525878906,42.43000030517578,43.59000015258789,32.20075607299805,15805100,0.014791062214075118
2009-06-01,44.099998474121094,44.75,43.40999984741211,44.400001525878906,32.79913330078125,17425400,0.0184121584817262
2009-06-02,43.90999984741211,44.5,43.58000183105469,43.90999984741211,32.43714141845703,13659700,-0.011097984956279826
2009-06-03,43.90999984741211,43.90999984741211,42.849998474121094,43.58000183105469,32.19337844848633,22991000,-0.007543313169882172
2009-06-04,43.75,45.439998626708984,43.650001525878906,45.290000915527344,33.45657730102539,20563200,0.03848760490965929
2009-06-05,45.52000045776367,45.689998626708984,44.880001068115234,45.400001525878906,33.537837982177734,16203400,0.0024258953723292945
2009-06-08,44.900001525878906,45.709999084472656,44.400001525878906,45.369998931884766,33.51567840576172,12900300,-0.000660951980341341
2009-06-09,45.869998931884766,46.31999969482422,45.130001068115234,46.029998779296875,34.00325012207031,14891200,0.014442770413350837
2009-06-10,46.20000076293945,46.470001220703125,45.400001525878906,46.06999969482422,34.032779693603516,13687600,0.000868056924176058
2009-06-11,45.13999938964844,46.459999084472656,44.93000030517578,45.97999954223633,33.96630096435547,25319500,-0.0019552838004443522
2009-06-12,46.13999938964844,46.38999938964844,45.08000183105469,46.04999923706055,34.01800537109375,13901200,0.0015210691847612463
2009-06-15,45.310001373291016,45.349998474121094,43.72999954223633,44.310001373291016,32.732643127441406,19721800,-0.03851711343135336
2009-06-16,44.040000915527344,44.5099983215332,43.45000076293945,43.45000076293945,32.09735107421875,17871200,-0.019599335071745563
2009-06-17,44.439998626708984,45.349998474121094,43.9900016784668,45.09000015258789,33.308834075927734,27049800,0.03704914369072609
2009-06-18,45.02000045776367,45.65999984741211,44.34000015258789,45.279998779296875,33.449195861816406,18875000,0.004205096910511793
2009-06-19,45.40999984741211,46.0,45.150001525878906,46.0,33.98107147216797,22336800,0.01577590190265069
2009-06-22,45.459999084472656,45.75,44.2599983215332,44.400001525878906,32.79913330078125,19886300,-0.035401556898118754
2009-06-23,44.41999816894531,44.779998779296875,43.31999969482422,44.4900016784668,32.86561965942383,21305900,0.0020250249446021056
2009-06-24,44.650001525878906,45.41999816894531,44.2599983215332,45.27000045776367,33.44181823730469,19722300,0.017380043634559028
2009-06-25,45.130001068115234,46.70000076293945,44.959999084472656,46.34000015258789,34.23224639892578,18790400,0.023360917137198806
2009-06-26,46.099998474121094,46.72999954223633,45.790000915527344,46.189998626708984,34.12144470214844,18394600,-0.0032420134755654652
2009-06-29,45.90999984741211,46.439998626708984,45.400001525878906,46.09000015258789,34.04756164550781,12572300,-0.002167644492080272
2009-06-30,45.900001525878906,46.0,45.0099983215332,45.20000076293945,33.390098571777344,16604900,-0.01949901294713234
2009-07-01,45.369998931884766,45.59000015258789,44.91999816894531,45.15999984741211,33.36055374145508,12686700,-0.0008852297686314624
2009-07-02,44.86000061035156,45.13999938964844,44.220001220703125,44.68000030517578,33.00596237182617,12659400,-0.010685953236950993
2009-07-06,44.22999954223633,45.34000015258789,43.880001068115234,45.20000076293945,33.390098571777344,16580700,0.0115711830055824
2009-07-07,45.20000076293945,45.33000183105469,43.52000045776367,43.68000030517578,32.267250061035156,19433000,-0.03420662023094168
2009-07-08,43.470001220703125,43.90999984741211,43.060001373291016,43.54999923706055,32.17121124267578,16496200,-0.0029807940017847886
2009-07-09,43.650001525878906,43.7599983215332,43.0,43.060001373291016,31.80923080444336,15676200,-0.011315467319930566
2009-07-10,43.130001068115234,43.599998474121094,42.79999923706055,43.439998626708984,32.08995819091797,10338700,0.008786627718183726
2009-07-13,43.720001220703125,44.31999969482422,42.66999816894531,44.310001373291016,32.732643127441406,15653400,0.01982968849886714
2009-07-14,44.2599983215332,44.84000015258789,43.95000076293945,44.650001525878906,32.983802795410156,11370300,0.0076437758409629705
2009-07-15,45.09000015258789,46.150001525878906,44.75,46.060001373291016,34.025394439697266,19696300,0.03109052452264558
2009-07-16,45.93000030517578,46.84000015258789,45.7599983215332,46.720001220703125,34.51295471191406,17450900,0.014227611337407197
2009-07-17,46.88999938964844,47.61000061035156,46.25,47.400001525878906,35.015289306640625,23154400,0.014450050985046163
2009-07-20,47.470001220703125,47.4900016784668,46.38999938964844,47.029998779296875,34.74195098876953,18371700,-0.007836884477507902
2009-07-21,47.02000045776367,48.0,46.36000061035156,47.97999954223633,35.44373321533203,21631600,0.019998540263339484
2009-07-22,47.790000915527344,48.720001220703125,47.45000076293945,48.45000076293945,35.79093933105469,25564800,0.009748310840137457
2009-07-23,46.34000015258789,47.45000076293945,46.0,47.400001525878906,35.015289306640625,40704900,-0.02190996662596911
2009-07-24,47.099998474121094,47.599998474121094,46.65999984741211,47.349998474121094,34.97834777832031,13586600,-0.0010555682856019846
2009-07-27,46.970001220703125,47.349998474121094,46.15999984741211,46.47999954223633,34.33565902709961,15153300,-0.018544799229997317
2009-07-28,46.34000015258789,46.52000045776367,45.95000076293945,46.36000061035156,34.247005462646484,15059600,-0.0025853067824453905
2009-07-29,46.0099983215332,46.5,45.79999923706055,46.25,34.1657600402832,11081000,-0.002375154986370547
2009-07-30,46.70000076293945,47.45000076293945,46.380001068115234,46.52000045776367,34.365211486816406,15013700,0.005820784536737648
2009-07-31,46.2599983215332,46.849998474121094,46.040000915527344,46.209999084472656,34.13619613647461,13433700,-0.006686467082589449
2009-08-03,46.66999816894531,47.15999984741211,46.310001373291016,46.970001220703125,34.6976318359375,11902600,0.016313146214854506
2009-08-04,46.810001373291016,46.849998474121094,45.959999084472656,46.310001373291016,34.210086822509766,13239600,-0.014150900906855755
2009-08-05,46.220001220703125,46.38999938964844,45.310001373291016,45.810001373291016,33.84071731567383,12777800,-0.010855805129036101
2009-08-06,45.900001525878906,45.970001220703125,45.290000915527344,45.599998474121094,33.68559646606445,11257800,-0.004594390357919129
2009-08-07,46.06999969482422,46.43000030517578,45.849998474121094,45.970001220703125,33.95890808105469,11958300,0.008080866408832727
2009-08-10,45.56999969482422,46.06999969482422,45.470001220703125,45.7400016784668,33.78901290893555,9914700,-0.005015520056861937
2009-08-11,45.61000061035156,46.13999938964844,45.380001068115234,45.400001525878906,33.537837982177734,14612400,-0.0074613943389585154
2009-08-12,45.41999816894531,46.970001220703125,45.40999984741211,46.369998931884766,34.2544059753418,15555500,0.02114090461028805
2009-08-13,46.5099983215332,46.88999938964844,46.099998474121094,46.58000183105469,34.40952682495117,11200300,0.004518270573193313
2009-08-14,46.52000045776367,46.52000045776367,45.4900016784668,46.130001068115234,34.077117919921875,11838100,-0.009707338315999693
2009-08-17,45.470001220703125,45.689998626708984,44.86000061035156,44.95000076293945,33.20542907714844,13715200,-0.025912741334034865
2009-08-18,45.040000915527344,45.29999923706055,44.63999938964844,45.150001525878906,33.35316467285156,14128300,0.004439271625189977
2009-08-19,44.849998474121094,45.88999938964844,44.65999984741211,45.720001220703125,33.77423095703125,11224100,0.012545453396283653
2009-08-20,45.79999923706055,47.29999923706055,45.75,47.09000015258789,34.786285400390625,18917400,0.029525097418537996
2009-08-21,47.470001220703125,47.4900016784668,46.630001068115234,47.290000915527344,34.934024810791016,20702400,0.00423806581136178
2009-08-24,46.86000061035156,47.5,46.86000061035156,47.40999984741211,35.022682189941406,11622100,0.0025346369323401394
2009-08-25,47.27000045776367,47.849998474121094,46.880001068115234,46.9900016784668,34.712398529052734,21489900,-0.008898984710429112
2009-08-26,46.9900016784668,47.779998779296875,46.7599983215332,47.529998779296875,35.238807678222656,14478300,0.015051036719048113
2009-08-27,47.380001068115234,47.56999969482422,46.79999923706055,47.25,35.03120803833008,10719700,-0.00590864372956448
2009-08-28,47.72999954223633,48.20000076293945,46.939998626708984,47.220001220703125,35.00896453857422,11981100,-0.0006351640689991467
2009-08-31,47.0,47.0,45.9900016784668,46.41999816894531,34.41584014892578,15871600,-0.017087230526009856
2009-09-01,46.040000915527344,46.720001220703125,45.04999923706055,45.349998474121094,33.6225471496582,19279500,-0.02332003980218367
2009-09-02,45.0,45.810001373291016,44.68000030517578,45.41999816894531,33.67443084716797,14383600,0.0015419327682712862
2009-09-03,45.20000076293945,45.29999923706055,44.130001068115234,45.02000045776367,33.37788009643555,31352700,-0.008845412785937293
2009-09-04,45.029998779296875,45.970001220703125,44.75,45.720001220703125,33.8968620300293,14684900,0.015429036594595937
2009-09-08,45.900001525878906,46.040000915527344,45.5099983215332,46.02000045776367,34.11928176879883,15377600,0.006540227633389126
2009-09-09,45.77000045776367,46.540000915527344,45.209999084472656,46.220001220703125,34.26755905151367,22253000,0.004336434123723828
2009-09-10,46.13999938964844,46.75,45.88999938964844,46.650001525878906,34.58637619018555,14269700,0.009260746421162867
2009-09-11,46.650001525878906,46.709999084472656,45.91999816894531,46.61000061035156,34.556705474853516,10466300,-0.0008582410976994567
2009-09-14,46.15999984741211,46.47999954223633,45.79999923706055,46.22999954223633,34.274986267089844,11977800,-0.008185786916794512
2009-09-15,46.0,46.130001068115234,45.63999938964844,45.75,33.91911315917969,15419600,-0.010437159269315575
2009-09-16,45.84000015258789,45.93000030517578,44.939998626708984,45.709999084472656,33.88945007324219,20764900,-0.0008749068381818144
2009-09-17,45.5,45.650001525878906,44.869998931884766,45.02000045776367,33.37788009643555,17542300,-0.015210350650880474
2009-09-18,45.349998474121094,45.38999938964844,44.0,44.459999084472656,32.96270751953125,30873500,-0.012516560737147488
2009-09-21,44.040000915527344,44.9900016784668,44.0099983215332,44.869998931884766,33.26667404174805,14616500,0.009179269060766295
2009-09-22,44.9900016784668,44.9900016784668,44.33000183105469,44.59000015258789,33.059078216552734,14733400,-0.006259906477893859
2009-09-23,44.599998474121094,44.90999984741211,44.18000030517578,44.22999954223633,32.79217529296875,17875800,-0.008106281077841403
2009-09-24,44.41999816894531,44.86000061035156,44.18000030517578,44.65999984741211,33.11098098754883,19006700,0.009675050465837755
2009-09-25,44.470001220703125,45.130001068115234,44.29999923706055,44.70000076293945,33.140628814697266,19489800,0.0008950070561611712
2009-09-28,45.13999938964844,46.349998474121094,45.02000045776367,45.970001220703125,34.082218170166016,18495300,0.02801580068441608
2009-09-29,45.93000030517578,46.029998779296875,45.25,45.5,33.7337646484375,15807800,-0.010276532871407312
2009-09-30,45.720001220703125,45.83000183105469,44.5099983215332,44.97999954223633,33.348228454589844,20262600,-0.011494602976066935
2009-10-01,44.61000061035156,44.63999938964844,42.5,42.70000076293945,31.657846450805664,31958800,-0.05201862014590146
2009-10-02,42.380001068115234,42.619998931884766,41.220001220703125,41.439998626708984,30.723665237426758,34710100,-0.02995281872580231
2009-10-05,41.599998474121094,42.290000915527344,41.34000015258789,41.939998626708984,31.094350814819336,17797200,0.011992944583223808
2009-10-06,42.279998779296875,43.400001525878906,42.209999084472656,42.619998931884766,31.598526000976562,24579800,0.01608431710637056
2009-10-07,42.41999816894531,42.65999984741211,42.02000045776367,42.18000030517578,31.272300720214844,15330100,-0.01037772924477946
2009-10-08,42.68000030517578,42.68000030517578,41.369998931884766,41.45000076293945,30.7310848236084,24421700,-0.017458067425094637
2009-10-09,41.459999084472656,41.77000045776367,40.5,41.70000076293945,30.91642951965332,34598100,0.006013064970334545
2009-10-12,41.72999954223633,42.0099983215332,41.189998626708984,41.540000915527344,30.797809600830078,13729700,-0.003844171672234505
2009-10-13,41.630001068115234,41.84000015258789,41.08000183105469,41.290000915527344,30.61245346069336,15438400,-0.006036668588656501
2009-10-14,41.84000015258789,42.36000061035156,41.61000061035156,42.22999954223633,31.30937385559082,23035100,0.022510634908061967
2009-10-15,42.11000061035156,42.47999954223633,41.880001068115234,42.45000076293945,31.472488403320312,15883200,0.00519624327412294
2009-10-16,42.47999954223633,42.560001373291016,41.31999969482422,41.959999084472656,31.10919761657715,22745600,-0.011610261427907286
2009-10-19,41.9900016784668,42.34000015258789,41.560001373291016,42.060001373291016,31.18333625793457,13123100,0.002380339079243437
2009-10-20,41.83000183105469,41.95000076293945,41.099998474121094,41.310001373291016,30.62727165222168,17423000,-0.017993015326270418
2009-10-21,41.2599983215332,41.95000076293945,41.2599983215332,41.40999984741211,30.701425552368164,17578200,0.0024182459326093195
2009-10-22,40.72999954223633,41.2400016784668,40.150001525878906,41.08000183105469,30.456762313842773,25352700,-0.008001039673347086
2009-10-23,40.79999923706055,41.11000061035156,40.529998779296875,40.70000076293945,30.17502784729004,16368300,-0.009293358929472747
2009-10-26,40.560001373291016,41.459999084472656,40.369998931884766,40.68000030517578,30.160202026367188,17075000,-0.0004914482385263939
2009-10-27,40.810001373291016,41.31999969482422,40.689998626708984,41.0,30.397445678710938,15087200,0.007835339551074676
2009-10-28,41.08000183105469,41.97999954223633,41.0,41.630001068115234,30.864534378051758,22598900,0.015249188817803691
2009-10-29,42.0,42.54999923706055,41.869998931884766,42.27000045776367,31.339031219482422,20375900,0.015256554526769904
2009-10-30,42.630001068115234,43.08000183105469,41.31999969482422,41.33000183105469,30.642114639282227,21347500,-0.02248896636665357
2009-11-02,41.349998474121094,42.0,41.08000183105469,41.810001373291016,30.997989654541016,14658200,0.011546994395496876
2009-11-03,41.72999954223633,42.290000915527344,41.4900016784668,42.220001220703125,31.301963806152344,18756500,0.009758484459777672
2009-11-04,42.40999984741211,42.72999954223633,41.5099983215332,41.599998474121094,30.842302322387695,24228800,-0.01479363730597107
2009-11-05,43.04999923706055,43.880001068115234,42.91999816894531,43.849998474121094,32.51044464111328,36536700,0.052674211596388174
2009-11-06,43.52000045776367,43.970001220703125,43.400001525878906,43.900001525878906,32.547515869140625,15993400,0.0011396370789631474
2009-11-09,44.2400016784668,45.0,44.150001525878906,44.75,33.177703857421875,17822100,0.019177031400394767
2009-11-10,44.65999984741211,44.75,44.290000915527344,44.349998474121094,32.88113784790039,12513100,-0.008978904089442429
2009-11-11,44.369998931884766,44.75,44.349998474121094,44.65999984741211,33.11098098754883,15688700,0.00696580358632135
2009-11-12,44.70000076293945,45.189998626708984,44.52000045776367,44.849998474121094,33.25184631347656,14235300,0.004245314529867818
2009-11-13,45.290000915527344,46.0,45.2400016784668,45.77000045776367,33.933929443359375,16408000,0.020305088602030993
2009-11-16,45.900001525878906,46.25,45.290000915527344,45.5099983215332,33.74116897583008,13389700,-0.005696659282928804
2009-11-17,45.58000183105469,45.9900016784668,45.459999084472656,45.9900016784668,34.0970344543457,10331600,0.01049169125528694
2009-11-18,45.83000183105469,45.93000030517578,45.20000076293945,45.4900016784668,33.72633743286133,13170700,-0.010931356036072632
2009-11-19,45.04999923706055,45.36000061035156,44.54999923706055,45.09000015258789,33.42979049682617,14917900,-0.008831624832177407
2009-11-20,44.7599983215332,45.25,44.7599983215332,45.099998474121094,33.437198638916016,12558200,0.0002215784564522311
2009-11-23,45.25,45.900001525878906,45.25,45.54999923706055,33.89858627319336,9401500,0.013704298713484542
2009-11-24,45.900001525878906,46.0,45.380001068115234,45.560001373291016,33.90604782104492,11106300,0.00022008961426772504
2009-11-25,45.70000076293945,45.84000015258789,45.34000015258789,45.439998626708984,33.81674575805664,8328900,-0.0026372838457686147
2009-11-27,44.75,45.38999938964844,44.689998626708984,44.9900016784668,33.481849670410156,6171900,-0.009952625309055491
2009-11-30,44.81999969482422,45.06999969482422,44.31999969482422,45.0,33.489295959472656,11359600,0.00022237305404142937
2009-12-01,45.0,45.470001220703125,44.880001068115234,45.060001373291016,33.533939361572266,14140300,0.001332177072268577
2009-12-02,45.220001220703125,45.54999923706055,44.900001525878906,45.060001373291016,33.533939361572266,12581400,0.0
2009-12-03,45.04999923706055,45.279998779296875,44.599998474121094,44.630001068115234,33.21393966674805,10750100,-0.009588383964636188
2009-12-04,45.029998779296875,45.68000030517578,44.68000030517578,45.15999984741211,33.608360290527344,14667900,0.011805196907227465
2009-12-07,45.11000061035156,45.41999816894531,44.79999923706055,44.88999938964844,33.40742874145508,8485800,-0.005996561529103596
2009-12-08,44.709999084472656,45.20000076293945,44.130001068115234,44.59000015258789,33.184165954589844,13153600,-0.006705459583427757
2009-12-09,44.349998474121094,44.869998931884766,44.18000030517578,44.77000045776367,33.3181266784668,11420800,0.004028760506291612
2009-12-10,45.02000045776367,45.790000915527344,44.95000076293945,45.560001373291016,33.90604782104492,14892100,0.01749180669216249
2009-12-11,45.619998931884766,45.880001068115234,44.72999954223633,44.900001525878906,33.41486740112305,16493100,-0.014592467564381418
2009-12-14,45.099998474121094,45.220001220703125,44.58000183105469,44.66999816894531,33.24370574951172,11754500,-0.005135484295402775
2009-12-15,44.58000183105469,45.2599983215332,44.45000076293945,44.880001068115234,33.39999008178711,11314100,0.004690154614482204
2009-12-16,44.900001525878906,45.040000915527344,44.650001525878906,44.689998626708984,33.25858688354492,9732900,-0.004242617132919219
2009-12-17,44.66999816894531,44.83000183105469,44.2400016784668,44.310001373291016,32.975791931152344,9368300,-0.008539271474485124
2009-12-18,44.33000183105469,44.599998474121094,44.04999923706055,44.56999969482422,33.16928482055664,18465600,0.005850577271434693
2009-12-21,44.880001068115234,45.7400016784668,44.810001373291016,45.40999984741211,33.794410705566406,11653500,0.018671133380083974
2009-12-22,45.650001525878906,45.900001525878906,45.38999938964844,45.84000015258789,34.114418029785156,9687400,0.009424685976410961
2009-12-23,45.97999954223633,46.0,45.720001220703125,45.95000076293945,34.196292877197266,8751300,0.0023971317391102663
2009-12-24,45.939998626708984,46.11000061035156,45.790000915527344,46.099998474121094,34.30791091918945,3760100,0.003258723832458868
2009-12-28,46.04999923706055,46.290000915527344,45.75,46.2599983215332,34.42699432373047,7410700,0.003465008739472754
2009-12-29,46.2599983215332,46.880001068115234,46.119998931884766,46.650001525878906,34.71723556518555,8834400,0.008395290442159203
2009-12-30,46.310001373291016,46.9900016784668,46.2400016784668,46.86000061035156,34.873512268066406,7559300,0.004491314447579533
2009-12-31,46.880001068115234,46.91999816894531,46.2599983215332,46.2599983215332,34.42699432373047,7696900,-0.012886604889738956
2010-01-04,46.790000915527344,47.310001373291016,46.56999969482422,46.939998626708984,34.93304443359375,14570200,0.01459223779222606
2010-01-05,47.52000045776367,48.31999969482422,47.5,48.06999969482422,35.774009704589844,24241000,0.023788430692039286
2010-01-06,48.2599983215332,48.43000030517578,47.380001068115234,47.599998474121094,35.42422866821289,22743800,-0.00982563216292459
2010-01-07,47.75,49.02000045776367,47.54999923706055,48.97999954223633,36.45122528076172,25266300,0.028579061591055426
2010-01-08,49.11000061035156,49.79999923706055,48.88999938964844,49.470001220703125,36.815887451171875,25938200,0.009954402951334401
2010-01-11,49.58000183105469,49.689998626708984,48.63999938964844,49.290000915527344,36.68194580078125,14672400,-0.003644782240307085
2010-01-12,48.86000061035156,49.209999084472656,48.06999969482422,48.4900016784668,36.086585998535156,18009100,-0.016363476686808296
2010-01-13,48.849998474121094,48.95000076293945,48.22999954223633,48.70000076293945,36.242855072021484,12426700,0.004321043113850529
2010-01-14,48.2599983215332,48.720001220703125,48.220001220703125,48.369998931884766,35.99726486206055,13751800,-0.006799300896251895
2010-01-15,48.61000061035156,49.040000915527344,48.11000061035156,48.529998779296875,36.116355895996094,21540300,0.0033028751280869983
2010-01-19,48.619998931884766,49.70000076293945,48.54999923706055,49.31999969482422,36.704261779785156,16564800,0.01614703846435255
2010-01-20,48.90999984741211,48.939998626708984,47.790000915527344,48.349998474121094,35.982383728027344,18151500,-0.019863395306693794
2010-01-21,48.31999969482422,49.0,47.91999816894531,48.09000015258789,35.78889083862305,18703200,-0.00539194432196695
2010-01-22,48.11000061035156,48.56999969482422,46.66999816894531,46.779998779296875,34.81397247314453,22205300,-0.02761871943298662
2010-01-25,46.970001220703125,47.689998626708984,46.70000076293945,46.90999984741211,34.91072082519531,15304700,0.0027751549577699776
2010-01-26,46.900001525878906,47.470001220703125,46.560001373291016,46.88999938964844,34.89583206176758,18325500,-0.00042657209209605545
2010-01-27,46.52000045776367,47.310001373291016,46.27000045776367,47.20000076293945,35.12654495239258,27302900,0.006589714184001099
2010-01-28,42.11000061035156,42.11000061035156,40.0099983215332,40.47999954223633,30.1254825592041,130892200,-0.15358570085106218
2010-01-29,40.83000183105469,40.880001068115234,38.4900016784668,39.189998626708984,29.165456771850586,112830300,-0.032386388518242284
2010-02-01,39.25,39.970001220703125,38.68000030517578,39.77000045776367,29.597087860107422,54762600,0.014690951658527997
2010-02-02,39.81999969482422,39.88999938964844,38.97999954223633,39.2599983215332,29.217540740966797,45670300,-0.012906734158495477
2010-02-03,38.959999084472656,39.720001220703125,38.599998474121094,39.630001068115234,29.492902755737305,36836200,0.009380410622285435
2010-02-04,39.27000045776367,39.279998779296875,38.150001525878906,38.16999816894531,28.40635871887207,39883900,-0.03753663119193677
2010-02-05,38.40999984741211,38.599998474121094,37.43000030517578,38.040000915527344,28.309616088867188,39365100,-0.0034114805981436238
2010-02-08,38.11000061035156,38.189998626708984,37.470001220703125,37.5099983215332,27.915185928344727,27373800,-0.014030698801713657
2010-02-09,37.91999816894531,38.290000915527344,37.63999938964844,37.90999984741211,28.212862014770508,28585600,0.010607134519124171
2010-02-10,37.709999084472656,38.15999984741211,37.31999969482422,37.43000030517578,27.855648040771484,23742400,-0.012742225782910364
2010-02-11,37.27000045776367,38.119998931884766,37.0,38.0099983215332,28.287294387817383,34201400,0.015376994280741185
2010-02-12,38.18000030517578,39.0,37.97999954223633,38.84000015258789,28.904970169067383,37313700,0.021600816225706542
2010-02-16,39.09000015258789,39.29999923706055,38.70000076293945,39.02000045776367,29.0389347076416,34301800,0.004623947162319721
2010-02-17,39.099998474121094,39.70000076293945,39.02000045776367,39.43000030517578,29.34406089782715,24733000,0.010452665716954876
2010-02-18,39.470001220703125,39.939998626708984,39.38999938964844,39.810001373291016,29.626867294311523,19503800,0.009591457121003127
2010-02-19,39.810001373291016,39.849998474121094,39.470001220703125,39.59000015258789,29.463132858276367,26638700,-0.005541880340805612
2010-02-22,39.810001373291016,39.88999938964844,38.689998626708984,39.0099983215332,29.0314998626709,27657900,-0.014758305502926004
2010-02-23,39.0,39.150001525878906,38.400001525878906,38.540000915527344,28.68170928955078,17926000,-0.012121830041942427
2010-02-24,38.61000061035156,38.66999816894531,37.66999816894531,37.869998931884766,28.307966232299805,27111500,-0.013116355269782444
2010-02-25,37.22999954223633,38.0,36.470001220703125,37.18000030517578,27.792179107666016,34843000,-0.018388603290742912
2010-02-26,37.119998931884766,37.130001068115234,36.5099983215332,36.68000030517578,27.418437957763672,30557500,-0.01353894880166511
2010-03-01,36.81999969482422,36.81999969482422,35.459999084472656,35.560001373291016,26.58123016357422,59161000,-0.03101037148946217
2010-03-02,36.75,38.459999084472656,36.56999969482422,37.93000030517578,28.352815628051758,77896200,0.06452100816510549
2010-03-03,38.47999954223633,39.15999984741211,38.369998931884766,38.689998626708984,28.92091941833496,42163800,0.01983884663888488
2010-03-04,38.939998626708984,39.279998779296875,38.58000183105469,39.25,29.339519500732422,29404500,0.014370207078714128
2010-03-05,39.4900016784668,39.52000045776367,38.619998931884766,38.7599983215332,28.973241806030273,26466900,-0.012562687949527524
2010-03-08,38.83000183105469,39.0099983215332,38.61000061035156,38.790000915527344,28.99566078186035,13854600,0.0007734828829582458
2010-03-09,38.72999954223633,38.90999984741211,38.5,38.68000030517578,28.913442611694336,20134400,-0.0028395613329307043
2010-03-10,38.56999969482422,39.099998474121094,38.5,38.880001068115234,29.06294822692871,15250000,0.005157476844293535
2010-03-11,38.86000061035156,39.25,38.709999084472656,39.099998474121094,29.227384567260742,16325300,0.005641991343850971
2010-03-12,39.119998931884766,39.38999938964844,38.79999923706055,38.95000076293945,29.115264892578125,20712100,-0.0038434940388936164
2010-03-15,39.0,39.060001373291016,38.65999984741211,38.869998931884766,29.055471420288086,17334500,-0.0020557928999602073
2010-03-16,38.900001525878906,39.11000061035156,38.59000015258789,39.0099983215332,29.160125732421875,27699200,0.003595408446906768
2010-03-17,39.04999923706055,39.20000076293945,38.709999084472656,38.900001525878906,29.077884674072266,23287400,-0.0028243105299600967
2010-03-18,39.22999954223633,40.529998779296875,39.15999984741211,40.43000030517578,30.221569061279297,45529100,0.03857796837062081
2010-03-19,40.52000045776367,40.61000061035156,39.779998779296875,40.04999923706055,29.937517166137695,33417800,-0.009443428213131013
2010-03-22,40.08000183105469,40.540000915527344,39.869998931884766,40.279998779296875,30.10944938659668,16394500,0.005726607027525241
2010-03-23,40.43000030517578,40.58000183105469,40.029998779296875,40.52000045776367,30.288846969604492,13840700,0.005940502345345317
2010-03-24,40.2400016784668,40.43000030517578,40.02000045776367,40.189998626708984,30.042177200317383,12980800,-0.008177256965085746
2010-03-25,42.540000915527344,43.84000015258789,42.0,42.189998626708984,31.53717803955078,67289200,0.04856480412384721
2010-03-26,42.0,42.540000915527344,41.61000061035156,41.83000183105469,31.26807975769043,29773800,-0.008569343970096134
2010-03-29,41.970001220703125,42.09000015258789,41.599998474121094,41.7599983215332,31.215747833251953,11592700,-0.0016750554084872683
2010-03-30,42.45000076293945,42.5,41.939998626708984,42.130001068115234,31.492326736450195,20721000,0.008821214765905932
2010-03-31,41.9900016784668,42.220001220703125,41.84000015258789,41.959999084472656,31.36525535583496,14932000,-0.0040431575472602505
2010-04-01,42.16999816894531,42.459999084472656,42.13999938964844,42.27000045776367,31.59698486328125,16319600,0.00736093737971402
2010-04-05,42.599998474121094,43.0099983215332,42.38999938964844,42.529998779296875,31.791330337524414,14692200,0.0061319213985645965
2010-04-06,42.220001220703125,42.560001373291016,42.189998626708984,42.43000030517578,31.716581344604492,10067800,-0.002354006783015232
2010-04-07,42.369998931884766,42.869998931884766,42.369998931884766,42.77000045776367,31.97073745727539,16091300,0.00798141503393205
2010-04-08,42.689998626708984,42.720001220703125,42.09000015258789,42.400001525878906,31.694154739379883,12994300,-0.008688759169788606
2010-04-09,42.20000076293945,42.369998931884766,41.849998474121094,42.16999816894531,31.522232055664062,16152000,-0.005439194370019902
2010-04-12,42.029998779296875,42.459999084472656,42.0,42.22999954223633,31.567079544067383,8808700,0.0014217145446739534
2010-04-13,42.029998779296875,42.38999938964844,41.79999923706055,42.29999923706055,31.619409561157227,10762400,0.0016563676759088054
2010-04-14,42.22999954223633,42.79999923706055,42.099998474121094,42.599998474121094,31.843645095825195,19717700,0.007066677424654586
2010-04-15,42.65999984741211,43.18000030517578,42.47999954223633,42.70000076293945,31.918415069580078,16214200,0.002345282063743146
2010-04-16,42.68000030517578,42.97999954223633,42.25,42.7400016784668,31.948314666748047,23840800,0.0009363122074913184
2010-04-19,42.630001068115234,42.9900016784668,42.25,42.75,31.955778121948242,14960500,0.0002335830119304232
2010-04-20,42.7400016784668,43.349998474121094,42.4900016784668,43.290000915527344,32.359432220458984,14784600,0.012552532955446775
2010-04-21,43.33000183105469,43.38999938964844,42.27000045776367,42.630001068115234,31.866079330444336,34304500,-0.015363446148680853
2010-04-22,39.75,40.349998474121094,38.880001068115234,39.33000183105469,29.399322509765625,96916600,-0.08057046997279145
2010-04-23,38.97999954223633,39.029998779296875,37.79999923706055,38.25,28.59202003479004,64242900,-0.02784397106363397
2010-04-26,38.27000045776367,38.709999084472656,37.779998779296875,38.11000061035156,28.48737335205078,25646700,-0.0036667103056210663
2010-04-27,38.22999954223633,38.84000015258789,37.84000015258789,37.91999816894531,28.345338821411133,35398400,-0.004998347638794399
2010-04-28,38.220001220703125,38.849998474121094,38.0,38.81999969482422,29.01808738708496,27704200,0.023456737381973448
2010-04-29,38.970001220703125,39.220001220703125,38.77000045776367,38.97999954223633,29.137699127197266,17668400,0.004113499823245017
2010-04-30,39.150001525878906,39.290000915527344,38.61000061035156,38.68000030517578,28.913442611694336,18461000,-0.007726209144353981
2010-05-03,38.90999984741211,39.04999923706055,38.310001373291016,38.63999938964844,28.8835391998291,19361900,-0.0010347742597018083
2010-05-04,38.27000045776367,38.29999923706055,37.0099983215332,37.599998474121094,28.10614013671875,25189600,-0.02728379231337493
2010-05-05,37.20000076293945,37.88999938964844,37.0,37.630001068115234,28.128572463989258,18405100,0.0007978107266107705
2010-05-06,37.36000061035156,37.630001068115234,35.560001373291016,36.66999816894531,27.410959243774414,28231500,-0.025842967573035187
2010-05-07,36.439998626708984,36.86000061035156,35.22999954223633,36.5,27.283876419067383,36415300,-0.00464698547339629
2010-05-10,37.40999984741211,37.810001373291016,37.099998474121094,37.369998931884766,27.934215545654297,22752400,0.023556380747672707
2010-05-11,37.06999969482422,37.90999984741211,37.04999923706055,37.47999954223633,28.016437530517578,17506700,0.0029390914861792314
2010-05-12,38.0,38.38999938964844,37.720001220703125,38.15999984741211,28.52474021911621,17607400,0.017980395989282118
2010-05-13,37.970001220703125,38.68000030517578,37.77000045776367,37.959999084472656,28.375246047973633,18366800,-0.005254641518454057
2010-05-14,37.7599983215332,38.040000915527344,36.900001525878906,37.29999923706055,27.88189125061035,19744400,-0.01753972807884326
2010-05-17,37.459999084472656,37.70000076293945,36.77000045776367,37.369998931884766,27.934215545654297,22359900,0.001874882121835854
2010-05-18,37.02000045776367,37.459999084472656,36.5,36.709999084472656,27.44085693359375,22975400,-0.017819269372757886
2010-05-19,36.68000030517578,36.88999938964844,36.16999816894531,36.45000076293945,27.24651336669922,18550600,-0.007107468651358022
2010-05-20,35.75,36.2400016784668,35.25,35.59000015258789,26.603654861450195,27571300,-0.023876955921647586
2010-05-21,35.099998474121094,36.279998779296875,34.83000183105469,35.88999938964844,26.827899932861328,28635800,0.008393781123615392
2010-05-24,35.599998474121094,36.150001525878906,35.43000030517578,35.66999816894531,26.663455963134766,16315100,-0.006148450904543468
2010-05-25,34.88999938964844,35.65999984741211,34.52000045776367,35.61000061035156,26.618610382080078,24935000,-0.001683327795646712
2010-05-26,35.75,36.099998474121094,34.7599983215332,34.880001068115234,26.21278953552246,26677500,-0.015363167707572968
2010-05-27,35.349998474121094,35.599998474121094,35.099998474121094,35.560001373291016,26.723814010620117,23507900,0.019307636529212132
2010-05-28,35.40999984741211,35.93000030517578,35.15999984741211,35.560001373291016,26.723814010620117,21246900,0.0
2010-06-01,35.45000076293945,36.08000183105469,34.959999084472656,35.06999969482422,26.355581283569336,19262600,-0.013875012424222179
2010-06-02,35.130001068115234,36.040000915527344,34.70000076293945,36.02000045776367,27.069507598876953,21472100,0.026727847564923125
2010-06-03,36.25,36.810001373291016,35.779998779296875,36.470001220703125,27.407691955566406,20295100,0.012415788761359592
2010-06-04,35.75,36.220001220703125,35.150001525878906,35.29999923706055,26.528419494628906,23085900,-0.03260711019706654
2010-06-07,35.349998474121094,35.77000045776367,34.970001220703125,35.0099983215332,26.31048011779785,18554400,-0.008249248728797502
2010-06-08,34.849998474121094,35.310001373291016,34.56999969482422,35.27000045776367,26.505876541137695,22531100,0.007399121300550351
2010-06-09,35.29999923706055,35.380001068115234,34.630001068115234,34.720001220703125,26.09254264831543,24109300,-0.015716913461743323
2010-06-10,35.15999984741211,35.16999816894531,34.33000183105469,35.029998779296875,26.325517654418945,30719400,0.008889170596737507
2010-06-11,34.540000915527344,35.470001220703125,34.52000045776367,35.36000061035156,26.573514938354492,14716800,0.009376318948571515
2010-06-14,35.70000076293945,35.880001068115234,34.720001220703125,34.790000915527344,26.145151138305664,15705300,-0.016251292364585945
2010-06-15,35.0,35.599998474121094,34.9900016784668,35.58000183105469,26.738847732543945,13798100,0.02245373082121396
2010-06-16,35.400001525878906,35.439998626708984,34.79999923706055,35.08000183105469,26.363086700439453,22472000,-0.014152678546306521
2010-06-17,35.2400016784668,35.77000045776367,35.0099983215332,35.709999084472656,26.836544036865234,15326600,0.017799741475142145
2010-06-18,35.75,36.06999969482422,35.56999969482422,35.689998626708984,26.82151222229004,25396000,-0.0005602817551131885
2010-06-21,35.849998474121094,36.16999816894531,35.36000061035156,35.63999938964844,26.783937454223633,12371800,-0.0014019012785843985
2010-06-22,35.7599983215332,36.36000061035156,35.54999923706055,35.56999969482422,26.731332778930664,16287900,-0.001965969414226087
2010-06-23,35.61000061035156,35.810001373291016,35.27000045776367,35.41999816894531,26.61860466003418,15067500,-0.0042259950836248655
2010-06-24,35.220001220703125,35.29999923706055,34.630001068115234,34.790000915527344,26.145151138305664,21380600,-0.017946646218500985
2010-06-25,34.70000076293945,34.900001525878906,34.279998779296875,34.56999969482422,25.979814529418945,22399500,-0.006343876154651621
2010-06-28,34.630001068115234,34.880001068115234,34.0099983215332,34.040000915527344,25.58152198791504,13573600,-0.015449578724239679
2010-06-29,33.779998779296875,33.790000915527344,32.869998931884766,33.13999938964844,24.905155181884766,27848100,-0.026795476058478474
2010-06-30,33.0,33.650001525878906,32.72999954223633,32.84000015258789,24.679698944091797,19652800,-0.009093816871595205
2010-07-01,32.790000915527344,32.880001068115234,31.6299991607666,31.959999084472656,24.018369674682617,31598700,-0.027162059899109112
2010-07-02,31.8700008392334,32.68000030517578,31.649999618530273,32.369998931884766,24.32649040222168,16296400,0.012746955896353261
2010-07-06,32.65999984741211,33.31999969482422,32.45000076293945,32.650001525878906,24.536914825439453,19301000,0.00861281456007752
2010-07-07,32.81999969482422,33.470001220703125,32.439998626708984,33.380001068115234,25.085521697998047,16002300,0.02211214378479403
2010-07-08,33.790000915527344,33.9900016784668,33.25,33.93000030517578,25.49884605407715,19367000,0.016342343429786875
2010-07-09,34.04999923706055,34.13999938964844,33.560001373291016,33.90999984741211,25.483823776245117,12516300,-0.0005893092031774687
2010-07-12,34.7400016784668,35.33000183105469,34.5099983215332,35.099998474121094,26.378124237060547,23745400,0.03449115011078307
2010-07-13,35.5099983215332,35.97999954223633,35.34000015258789,35.95000076293945,27.016904830932617,21447600,0.023927735665058302
2010-07-14,36.2400016784668,37.09000015258789,35.97999954223633,36.900001525878906,27.730857849121094,31169000,0.026083019995264505
2010-07-15,36.9900016784668,37.119998931884766,36.380001068115234,36.880001068115234,27.7158203125,18840400,-0.0005424143515306192
2010-07-16,36.970001220703125,37.220001220703125,35.7400016784668,35.959999084472656,27.0244197845459,24808900,-0.025262486862775275
2010-07-19,36.2599983215332,37.08000183105469,36.20000076293945,36.77000045776367,27.63315773010254,19903100,0.02227552497910501
2010-07-20,36.08000183105469,36.779998779296875,35.7400016784668,36.75,27.618114471435547,17065100,-0.0005445398246702144
2010-07-21,36.86000061035156,37.0,35.810001373291016,36.15999984741211,27.174720764160156,22929300,-0.016184721380619035
2010-07-22,38.34000015258789,39.52000045776367,38.29999923706055,39.11000061035156,29.391693115234375,56097800,0.07842492983321907
2010-07-23,39.029998779296875,39.65999984741211,38.779998779296875,39.08000183105469,29.369142532348633,31483800,-0.0007675378930299874
2010-07-26,38.720001220703125,39.279998779296875,38.720001220703125,39.2400016784668,29.48938751220703,13197900,0.004085903846196903
2010-07-27,39.45000076293945,39.5,39.130001068115234,39.220001220703125,29.474361419677734,12596900,-0.0005096722351194427
2010-07-28,39.349998474121094,39.43000030517578,38.61000061035156,38.7599983215332,29.1286563873291,12468500,-0.01179833583578203
2010-07-29,39.349998474121094,39.41999816894531,38.2599983215332,38.779998779296875,29.143688201904297,21457700,0.0005159159122417513
2010-07-30,38.2599983215332,38.38999938964844,37.7599983215332,38.08000183105469,28.617639541625977,22121300,-0.018215066221505472
2010-08-02,38.33000183105469,39.0,38.02000045776367,38.7599983215332,29.1286563873291,14618500,0.01769915030926367
2010-08-03,38.59000015258789,38.79999923706055,38.29999923706055,38.459999084472656,28.90320587158203,10250000,-0.007769926423420311
2010-08-04,38.38999938964844,38.619998931884766,38.0099983215332,38.43000030517578,28.880657196044922,9949000,-0.0007804489172090344
2010-08-05,38.209999084472656,38.70000076293945,38.119998931884766,38.5,28.933263778686523,8991900,0.0018198591714102142
2010-08-06,38.20000076293945,38.97999954223633,37.95000076293945,38.650001525878906,29.046003341674805,15794700,0.003888966200423918
2010-08-09,38.869998931884766,39.939998626708984,38.83000183105469,39.75,29.872661590576172,18715600,0.028062838836103176
2010-08-10,39.5,40.0,39.08000183105469,39.779998779296875,29.89519500732422,17159200,0.0007540313171102109
2010-08-11,39.20000076293945,39.439998626708984,38.439998626708984,39.36000061035156,29.57956886291504,21455400,-0.010613883500290714
2010-08-12,37.83000183105469,38.88999938964844,37.79999923706055,38.2400016784668,28.737873077392578,19582900,-0.028868009631757854
2010-08-13,38.0,38.34000015258789,37.83000183105469,37.95000076293945,28.519929885864258,16372000,-0.007612735131280319
2010-08-16,37.880001068115234,38.88999938964844,37.45000076293945,38.63999938964844,29.03847885131836,14222100,0.018018670308539313
2010-08-17,38.959999084472656,39.790000915527344,38.93000030517578,39.13999938964844,29.414236068725586,22319800,0.012856969740924835
2010-08-18,39.099998474121094,39.40999984741211,38.61000061035156,39.040000915527344,29.33908462524414,13506000,-0.002558203811424368
2010-08-19,38.75,38.84000015258789,37.720001220703125,38.11000061035156,28.640186309814453,21575900,-0.024109726058968883
2010-08-20,38.11000061035156,39.09000015258789,38.0,38.90999984741211,29.24138832092285,19152600,0.0207742666479113
2010-08-23,39.189998626708984,39.45000076293945,38.40999984741211,38.540000915527344,28.96331787109375,12942000,-0.009554985622951664
2010-08-24,38.400001525878906,38.47999954223633,37.7599983215332,38.040000915527344,28.58757209777832,15738700,-0.013058046977863797
2010-08-25,37.66999816894531,38.72999954223633,37.650001525878906,38.459999084472656,29.048294067382812,18753000,0.015987676209903393
2010-08-26,38.66999816894531,38.81999969482422,37.97999954223633,38.279998779296875,28.9123477935791,14506600,-0.004690994396717264
2010-08-27,38.5,38.849998474121094,37.7400016784668,38.63999938964844,29.184246063232422,16263700,0.009360282136853786
2010-08-30,38.38999938964844,38.77000045776367,38.290000915527344,38.290000915527344,28.919898986816406,11909900,-0.009099140863581436
2010-08-31,38.18000030517578,38.7599983215332,37.810001373291016,38.29999923706055,28.927452087402344,18049100,0.0002611390319038808
2010-09-01,38.959999084472656,40.150001525878906,38.91999816894531,39.599998474121094,29.909318923950195,27619100,0.03337905806736516
2010-09-02,39.689998626708984,40.029998779296875,39.45000076293945,40.02000045776367,30.22653579711914,12671500,0.010550105821110224
2010-09-03,40.279998779296875,40.470001220703125,39.7599983215332,40.380001068115234,30.498449325561523,14187700,0.008955633179839278
2010-09-07,40.11000061035156,40.81999969482422,39.91999816894531,40.56999969482422,30.641952514648438,18520500,0.004694226674490251
2010-09-08,40.63999938964844,41.13999938964844,40.630001068115234,40.91999816894531,30.906299591064453,14073500,0.008589966175467
2010-09-09,41.15999984741211,41.220001220703125,40.52000045776367,40.900001525878906,30.89120101928711,12190400,-0.0004886466905182778
2010-09-10,41.02000045776367,41.040000915527344,40.06999969482422,40.41999816894531,30.528654098510742,15098000,-0.011805665476238006
2010-09-13,40.939998626708984,41.36000061035156,40.7400016784668,41.0,30.966716766357422,16787200,0.014247253789852548
2010-09-14,40.849998474121094,41.380001068115234,40.58000183105469,41.11000061035156,31.0498046875,12885900,0.0026795430929910952
2010-09-15,41.099998474121094,42.209999084472656,41.0099983215332,41.97999954223633,31.70690155029297,18992800,0.020941853605096
2010-09-16,41.79999923706055,42.29999923706055,41.650001525878906,41.970001220703125,31.699352264404297,16596100,-0.00023812433222780328
2010-09-17,42.119998931884766,42.75,41.939998626708984,42.529998779296875,32.1223030090332,31733900,0.01325433929000438
2010-09-20,42.58000183105469,43.099998474121094,42.56999969482422,43.0099983215332,32.48486328125,15241800,0.011223648985476434
2010-09-21,43.209999084472656,43.869998931884766,43.11000061035156,43.5099983215332,32.862483978271484,16763100,0.011557466867142287
2010-09-22,43.54999923706055,43.7599983215332,42.70000076293945,43.29999923706055,32.703880310058594,16158500,-0.004837967738179223
2010-09-23,42.95000076293945,43.7400016784668,42.7599983215332,43.650001525878906,32.96821975708008,20206800,0.008050325004166147
2010-09-24,43.95000076293945,44.970001220703125,43.86000061035156,44.54999923706055,33.64797592163086,22619300,0.02040884358070532
2010-09-27,44.31999969482422,45.0,44.13999938964844,44.59000015258789,33.678199768066406,14009400,0.0008978335144162563
2010-09-28,44.689998626708984,44.849998474121094,43.70000076293945,44.06999969482422,33.28545379638672,23000500,-0.011730258258516322
2010-09-29,43.7599983215332,44.5099983215332,43.70000076293945,44.310001373291016,33.46672439575195,14499000,0.005431164940560593
2010-09-30,45.06999969482422,45.75,44.77000045776367,45.130001068115234,34.0860595703125,35751700,0.018336846888312892
2010-10-01,45.5099983215332,45.599998474121094,43.91999816894531,44.2599983215332,33.428951263427734,22457600,-0.019466161630006248
2010-10-04,44.43000030517578,44.43000030517578,43.349998474121094,43.88999938964844,33.14950180053711,13941400,-0.00839464094148019
2010-10-05,44.41999816894531,44.900001525878906,44.08000183105469,44.2599983215332,33.428951263427734,18459700,0.008394640941480255
2010-10-06,44.209999084472656,44.68000030517578,43.869998931884766,44.650001525878906,33.7235107421875,21696900,0.008772913432102297
2010-10-07,44.90999984741211,44.959999084472656,44.13999938964844,44.54999923706055,33.64797592163086,11965000,-0.0022423388868697647
2010-10-08,44.47999954223633,44.90999984741211,44.04999923706055,44.7599983215332,33.80659484863281,12349900,0.004702993957376041
2010-10-11,44.66999816894531,44.70000076293945,43.939998626708984,44.18000030517578,33.368526458740234,10971300,-0.013042763197672558
2010-10-12,44.18000030517578,45.0,43.77000045776367,44.790000915527344,33.82925033569336,13712800,0.013712688674204119
2010-10-13,44.970001220703125,45.5099983215332,44.7400016784668,45.31999969482422,34.229557037353516,13543300,0.011763688887603874
2010-10-14,45.02000045776367,45.349998474121094,44.810001373291016,45.040000915527344,34.01808166503906,11317500,-0.00619731475474624
2010-10-15,45.40999984741211,45.5099983215332,44.4900016784668,44.790000915527344,33.82925033569336,18075400,-0.0055663741328576535
2010-10-18,44.779998779296875,44.79999923706055,44.130001068115234,44.4900016784668,33.60267639160156,12225400,-0.0067201044892885855
2010-10-19,44.25,44.56999969482422,43.5,44.220001220703125,33.39873504638672,15934400,-0.006087691906070998
2010-10-20,44.2599983215332,44.900001525878906,44.2599983215332,44.380001068115234,33.51957702636719,11523700,0.0036116305863495715
2010-10-21,44.439998626708984,44.5099983215332,42.45000076293945,43.97999954223633,33.217472076416016,24931600,-0.009053652134867854
2010-10-22,43.849998474121094,44.27000045776367,43.61000061035156,44.18000030517578,33.368526458740234,12473200,0.004537129269673781
2010-10-25,44.349998474121094,44.5,44.20000076293945,44.33000183105469,33.4818229675293,10215900,0.003389559463321378
2010-10-26,43.97999954223633,43.9900016784668,43.209999084472656,43.939998626708984,33.18726348876953,15805500,-0.008836521125918633
2010-10-27,43.47999954223633,44.5099983215332,43.439998626708984,44.47999954223633,33.59511184692383,11449300,0.012214403178148852
2010-10-28,44.849998474121094,44.90999984741211,44.40999984741211,44.41999816894531,33.54979705810547,11982900,-0.0013497611788318993
2010-10-29,44.54999923706055,45.630001068115234,44.54999923706055,45.15999984741211,34.108707427978516,16651700,0.016521887026690964
2010-11-01,45.52000045776367,46.0,45.13999938964844,45.33000183105469,34.237117767333984,11199500,0.0037576688871763333
2010-11-02,45.75,45.939998626708984,45.22999954223633,45.380001068115234,34.274871826171875,12590900,0.0011021154949204524
2010-11-03,45.209999084472656,45.7599983215332,44.619998931884766,45.689998626708984,34.509002685546875,27224200,0.0068077515341676146
2010-11-04,48.61000061035156,49.45000076293945,48.060001373291016,48.34000015258789,36.51051330566406,58099900,0.05638001748210794
2010-11-05,47.869998931884766,48.36000061035156,47.400001525878906,48.33000183105469,36.50296401977539,20629500,-0.00020679157306598996
2010-11-08,48.02000045776367,48.33000183105469,47.58000183105469,47.79999923706055,36.10267639160156,18567300,-0.011026462450418151
2010-11-09,47.86000061035156,48.2400016784668,47.38999938964844,47.91999816894531,36.19329071044922,17430300,0.0025067613016456587
2010-11-10,48.0,48.0,47.25,47.68000030517578,36.01203155517578,12413500,-0.005020669677459649
2010-11-11,46.97999954223633,48.0099983215332,46.88999938964844,47.91999816894531,36.19329071044922,13923000,0.005020669677459602
2010-11-12,47.61000061035156,47.72999954223633,46.689998626708984,47.470001220703125,35.85342025756836,20070400,-0.009434794994841294
2010-11-15,47.61000061035156,47.81999969482422,46.86000061035156,46.869998931884766,35.400245666503906,11573600,-0.012720207321647484
2010-11-16,46.43000030517578,46.689998626708984,46.08000183105469,46.380001068115234,35.030155181884766,18386800,-0.010509492676796408
2010-11-17,46.560001373291016,48.369998931884766,46.5,47.97999954223633,36.23862075805664,25860200,0.033916154727411295
2010-11-18,48.43000030517578,48.86000061035156,47.70000076293945,47.720001220703125,36.04224395751953,20716700,-0.00543372812389373
2010-11-19,47.619998931884766,48.04999923706055,47.40999984741211,47.959999084472656,36.22350311279297,15850900,0.005016471640770083
2010-11-22,47.810001373291016,48.119998931884766,46.9900016784668,47.619998931884766,36.109764099121094,13112100,-0.003144862987595782
2010-11-23,47.22999954223633,47.369998931884766,46.72999954223633,47.099998474121094,35.715457916259766,17892100,-0.010979712503705363
2010-11-24,47.40999984741211,48.20000076293945,47.13999938964844,48.06999969482422,36.45099639892578,11961200,0.02038520420480288
2010-11-26,47.779998779296875,47.939998626708984,47.54999923706055,47.70000076293945,36.17043685913086,4296600,-0.007726670296186758
2010-11-29,47.470001220703125,47.650001525878906,46.7599983215332,47.279998779296875,35.851951599121094,12906500,-0.008844120356936396
2010-11-30,46.5099983215332,47.150001525878906,46.459999084472656,46.81999969482422,35.50312423706055,18176000,-0.00977730418849614
2010-12-01,47.31999969482422,48.25,47.29999923706055,47.88999938964844,36.31450271606445,14431100,0.02259648605415247
2010-12-02,48.040000915527344,48.650001525878906,47.88999938964844,48.4900016784668,36.76948928833008,11108300,0.012451220518444198
2010-12-03,48.400001525878906,48.939998626708984,48.2400016784668,48.81999969482422,37.019710540771484,12608700,0.00678208225950667
2010-12-06,48.54999923706055,48.689998626708984,48.09000015258789,48.31999969482422,36.64057159423828,10488700,-0.010294348155199392
2010-12-07,48.7400016784668,49.0099983215332,48.45000076293945,48.470001220703125,36.75431823730469,14015800,0.003099581848136707
2010-12-08,48.56999969482422,48.88999938964844,48.27000045776367,48.880001068115234,37.065216064453125,8634400,0.008423235618963715
2010-12-09,49.150001525878906,49.290000915527344,48.709999084472656,49.08000183105469,37.21686935424805,8862300,0.004083178323316691
2010-12-10,49.0,49.5,48.900001525878906,49.47999954223633,37.52019500732422,11851800,0.0081171857937782
2010-12-13,49.52000045776367,49.7599983215332,49.099998474121094,49.119998931884766,37.247215270996094,11988400,-0.007302137342415961
2010-12-14,49.29999923706055,49.5,48.83000183105469,49.18000030517578,37.292701721191406,10036300,0.001220458988334129
2010-12-15,49.36000061035156,49.56999969482422,48.81999969482422,49.09000015258789,37.22446060180664,10329900,-0.0018315549420880042
2010-12-16,49.13999938964844,49.7599983215332,48.86000061035156,49.650001525878906,37.64910125732422,12338900,0.01134299472188067
2010-12-17,49.650001525878906,49.720001220703125,49.2599983215332,49.459999084472656,37.505008697509766,21421200,-0.0038345936493353982
2010-12-20,49.720001220703125,49.83000183105469,49.150001525878906,49.439998626708984,37.48986053466797,11902200,-0.00040397865088382117
2010-12-21,49.70000076293945,50.0,49.58000183105469,49.9900016784668,37.906917572021484,9271500,0.011063106449182635
2010-12-22,49.79999923706055,50.0,49.619998931884766,49.9900016784668,37.906917572021484,6859600,0.0
2010-12-23,49.869998931884766,49.970001220703125,49.279998779296875,49.439998626708984,37.48986053466797,8194300,-0.011063106449182545
2010-12-27,49.400001525878906,49.79999923706055,48.97999954223633,49.61000061035156,37.6187629699707,5871100,0.0034324304146229547
2010-12-28,49.77000045776367,49.959999084472656,49.56999969482422,49.86000061035156,37.80833435058594,7138200,0.005026622699445225
2010-12-29,49.970001220703125,50.310001373291016,49.86000061035156,49.9900016784668,37.906917572021484,7771700,0.0026040533351143354
2010-12-30,50.0,50.209999084472656,49.630001068115234,49.72999954223633,37.709754943847656,5090200,-0.0052148043128622795
2010-12-31,49.63999938964844,49.83000183105469,49.0,49.4900016784668,37.52776336669922,6304700,-0.004837797316643201
2011-01-03,49.88999938964844,50.79999923706055,49.849998474121094,50.18000030517578,38.05098342895508,15167700,0.01384591418250276
2011-01-04,50.400001525878906,51.060001373291016,49.59000015258789,50.970001220703125,38.6500358581543,24330000,0.015620773123417002
2011-01-05,51.54999923706055,52.400001525878906,51.25,52.029998779296875,39.453834533691406,25904400,0.020583539609412047
2011-01-06,52.11000061035156,53.029998779296875,52.040000915527344,52.66999816894531,39.939125061035156,17894300,0.012225179005729229
2011-01-07,52.810001373291016,52.900001525878906,51.400001525878906,51.72999954223633,39.22634506225586,12865500,-0.018007832439499757
2011-01-10,51.439998626708984,52.20000076293945,51.439998626708984,51.689998626708984,39.19601058959961,17421100,-0.0007736180306495011
2011-01-11,51.56999969482422,52.439998626708984,51.56999969482422,52.06999969482422,39.484161376953125,10288000,0.00732464275137579
2011-01-12,52.25,52.34000015258789,51.59000015258789,52.34000015258789,39.68889236450195,10673200,0.005171745542231536
2011-01-13,52.279998779296875,52.45000076293945,51.5099983215332,51.869998931884766,39.332496643066406,12550700,-0.009020295452698415
2011-01-14,51.93000030517578,52.130001068115234,51.43000030517578,52.040000915527344,39.46141815185547,11536900,0.0032723751363353884
2011-01-18,52.369998931884766,53.060001373291016,52.290000915527344,53.029998779296875,40.212120056152344,14715100,0.018845005197754505
2011-01-19,52.709999084472656,53.099998474121094,51.88999938964844,52.13999938964844,39.5372314453125,11567000,-0.01692564791461441
2011-01-20,52.15999984741211,52.2400016784668,51.2599983215332,51.33000183105469,38.923030853271484,14213700,-0.01565666799070969
2011-01-21,51.54999923706055,52.0,51.09000015258789,51.2400016784668,38.85477828979492,18452800,-0.0017550656607111892
2011-01-24,51.119998931884766,51.5,50.84000015258789,51.4900016784668,39.04435348510742,11508500,0.004867206225311625
2011-01-25,51.43000030517578,51.56999969482422,50.619998931884766,51.52000045776367,39.06708908081055,15922200,0.0005821322868538476
2011-01-26,51.439998626708984,52.06999969482422,51.0,51.86000061035156,39.32490921020508,23536600,0.0065777391723386815
2011-01-27,54.20000076293945,55.0,53.77000045776367,54.900001525878906,41.630126953125,50785700,0.05696597052342662
2011-01-28,54.099998474121094,54.689998626708984,53.38999938964844,53.7400016784668,40.75050354003906,22935600,-0.021355914339544306
2011-01-31,53.849998474121094,54.470001220703125,53.06999969482422,54.130001068115234,41.046234130859375,16182100,0.007230896678379335
2011-02-01,54.29999923706055,55.27000045776367,54.11000061035156,55.08000183105469,41.76661682128906,17000000,0.017398286708677223
2011-02-02,54.77000045776367,54.900001525878906,53.880001068115234,53.9900016784668,40.94007873535156,17626200,-0.019987876388212762
2011-02-03,54.0,55.2400016784668,53.810001373291016,54.97999954223633,41.690773010253906,17150900,0.018170330163312844
2011-02-04,55.040000915527344,55.380001068115234,54.5,55.22999954223633,41.88035583496094,12603100,0.004537048919576849
2011-02-07,55.11000061035156,55.619998931884766,54.83000183105469,55.06999969482422,41.7590217590332,11605200,-0.0029013645135360887
2011-02-08,55.4900016784668,56.099998474121094,55.349998474121094,56.099998474121094,42.54006576538086,13862700,0.018530837747096938
2011-02-09,55.95000076293945,56.369998931884766,55.75,56.209999084472656,42.62348556518555,12581500,0.0019590499733967235
2011-02-10,56.16999816894531,57.189998626708984,55.880001068115234,57.0,43.2225341796875,16392900,0.013956578071091722
2011-02-11,56.7599983215332,57.650001525878906,56.68000030517578,57.599998474121094,43.67750549316406,12165500,0.010471237351818926
2011-02-14,57.7400016784668,58.79999923706055,57.61000061035156,58.16999816894531,44.109737396240234,17488200,0.009847339582415652
2011-02-15,58.0099983215332,58.959999084472656,57.91999816894531,58.63999938964844,44.46611404418945,16375300,0.008046856229027526
2011-02-16,58.88999938964844,58.97999954223633,58.25,58.540000915527344,44.39029312133789,11659200,-0.0017065948010360553
2011-02-17,58.310001373291016,59.0099983215332,58.20000076293945,59.0,44.739105224609375,11068600,0.007827134268734387
2011-02-18,59.040000915527344,59.43000030517578,58.65999984741211,59.189998626708984,44.88318634033203,17282600,0.0032152991702047396
2011-02-22,58.560001373291016,58.9900016784668,57.88999938964844,58.2400016784668,44.16281509399414,19936700,-0.01618010804569676
2011-02-23,57.900001525878906,58.400001525878906,56.52000045776367,57.0099983215332,43.37160873413086,16344700,-0.018078097130020288
2011-02-24,57.29999923706055,58.11000061035156,57.0,57.79999923706055,43.97261047363281,15159100,0.013761900449245414
2011-02-25,58.119998931884766,59.20000076293945,57.900001525878906,59.02000045776367,44.900753021240234,11344000,0.020887614826190427
2011-02-28,58.9900016784668,59.79999923706055,58.90999984741211,59.58000183105469,45.32677459716797,13613700,0.009443342915454204
2011-03-01,59.84000015258789,59.84000015258789,57.79999923706055,58.040000915527344,44.15520095825195,16764200,-0.026187186486652435
2011-03-02,57.880001068115234,58.18000030517578,56.970001220703125,57.099998474121094,43.4400749206543,16651100,-0.01632832179379902
2011-03-03,57.70000076293945,58.97999954223633,57.66999816894531,58.84000015258789,44.763816833496094,13214700,0.03001775280432978
2011-03-04,58.790000915527344,58.880001068115234,57.599998474121094,58.150001525878906,44.23887634277344,11720000,-0.011796195353350938
2011-03-07,58.4900016784668,58.59000015258789,56.81999969482422,57.58000183105469,43.80524826049805,13540500,-0.009850324264745615
2011-03-08,56.720001220703125,57.4900016784668,55.54999923706055,57.150001525878906,43.47811508178711,22049900,-0.007495923574735391
2011-03-09,56.849998474121094,56.849998474121094,54.90999984741211,55.0,41.84245681762695,24466200,-0.03834617254516673
2011-03-10,54.40999984741211,54.970001220703125,53.84000015258789,54.040000915527344,41.11210250854492,22114400,-0.01760899429930112
2011-03-11,53.70000076293945,54.08000183105469,53.38999938964844,53.61000061035156,40.78498077392578,18941000,-0.007988647732187094
2011-03-14,52.970001220703125,53.599998474121094,52.75,53.47999954223633,40.68607711791992,18606600,-0.002427946982668826
2011-03-15,51.13999938964844,53.279998779296875,50.099998474121094,53.0,40.320899963378906,35441300,-0.009016004334821304
2011-03-16,52.5,52.81999969482422,50.400001525878906,50.5,38.418983459472656,31062900,-0.048318245672979654
2011-03-17,52.619998931884766,53.470001220703125,51.9900016784668,52.31999969482422,39.8035774230957,24685600,0.03540509489203723
2011-03-18,52.83000183105469,53.15999984741211,50.7599983215332,51.709999084472656,39.33950424194336,33360000,-0.01172758225435016
2011-03-21,53.2400016784668,54.11000061035156,53.029998779296875,53.630001068115234,40.800201416015625,17208200,0.036457807065948686
2011-03-22,53.58000183105469,53.7599983215332,52.349998474121094,52.4900016784668,39.93291473388672,13843400,-0.0214861035636093
2011-03-23,52.470001220703125,52.58000183105469,51.70000076293945,52.45000076293945,39.902488708496094,12067700,-0.0007622189041896744
2011-03-24,52.61000061035156,53.77000045776367,52.06999969482422,53.720001220703125,40.86866760253906,14733200,0.023925000579932663
2011-03-25,53.83000183105469,53.9900016784668,52.720001220703125,52.75,40.13071823120117,13574400,-0.01822161444566135
2011-03-28,52.95000076293945,53.279998779296875,52.099998474121094,52.18000030517578,39.69707107543945,10237600,-0.010864673197216608
2011-03-29,52.439998626708984,54.09000015258789,52.36000061035156,53.90999984741211,41.01321792602539,14946800,0.03261699465372878
2011-03-30,54.369998931884766,54.61000061035156,53.79999923706055,54.5099983215332,41.46967315673828,11044700,0.011067989600594663
2011-03-31,54.560001373291016,54.95000076293945,54.34000015258789,54.83000183105469,41.71311950683594,13222200,0.005853303005698324
2011-04-01,55.06999969482422,55.189998626708984,54.25,54.470001220703125,41.43923568725586,12306100,-0.006587541853470782
2011-04-04,54.540000915527344,54.709999084472656,52.47999954223633,53.11000061035156,40.40459442138672,18238600,-0.025284652138035598
2011-04-05,53.02000045776367,53.63999938964844,52.400001525878906,52.58000183105469,40.001380920410156,13467000,-0.010029525274466568
2011-04-06,53.11000061035156,53.88999938964844,52.9900016784668,53.540000915527344,40.731727600097656,13380900,0.018093360144553684
2011-04-07,53.36000061035156,54.31999969482422,53.04999923706055,53.22999954223633,40.49589157104492,12491700,-0.00580681039625154
2011-04-08,54.0,54.349998474121094,53.31999969482422,53.630001068115234,40.800201416015625,10353400,0.007486491788393424
2011-04-11,53.869998931884766,54.470001220703125,53.34000015258789,53.400001525878906,40.62522506713867,11699300,-0.0042978373162424225
2011-04-12,52.79999923706055,52.970001220703125,51.72999954223633,52.25,39.75033187866211,11995000,-0.021770990534518635
2011-04-13,52.86000061035156,52.93000030517578,52.0099983215332,52.68000030517578,40.07746505737305,9503100,0.008196017490678985
2011-04-14,51.9900016784668,52.849998474121094,51.45000076293945,52.599998474121094,40.016605377197266,11655600,-0.0015197053054875765
2011-04-15,52.84000015258789,53.459999084472656,52.11000061035156,53.13999938964844,40.42741775512695,17165100,0.010213709689085347
2011-04-18,52.20000076293945,53.33000183105469,52.040000915527344,53.290000915527344,40.54153823852539,14744200,0.0028188719383889
2011-04-19,53.290000915527344,53.689998626708984,52.880001068115234,53.41999816894531,40.64042282104492,12006400,0.002436123250364291
2011-04-20,54.70000076293945,55.400001525878906,54.5,55.27000045776367,42.047855377197266,19894600,0.03404517610973781
2011-04-21,57.25,57.619998931884766,56.560001373291016,56.939998626708984,43.31834411621094,23134900,0.029767813551031103
2011-04-25,56.369998931884766,57.18000030517578,56.209999084472656,56.81999969482422,43.22706604003906,9934800,-0.002109369170514316
2011-04-26,57.119998931884766,57.5099983215332,56.93000030517578,57.220001220703125,43.531368255615234,12100000,0.007014959777218
2011-04-27,57.83000183105469,58.459999084472656,57.099998474121094,58.18000030517578,44.26171112060547,15949400,0.01663820698622038
2011-04-28,57.7599983215332,58.0,57.150001525878906,57.58000183105469,43.80524826049805,12300000,-0.010366361027737934
2011-04-29,57.58000183105469,57.9900016784668,56.84000015258789,57.09000015258789,43.43246841430664,32037700,-0.008546351953915034
2011-05-02,57.439998626708984,57.900001525878906,56.97999954223633,57.2400016784668,43.54658126831055,12022000,0.002623917366124268
2011-05-03,57.310001373291016,57.540000915527344,55.959999084472656,56.4900016784668,42.975990295410156,11700000,-0.013189604388783846
2011-05-04,56.31999969482422,57.0099983215332,55.41999816894531,56.08000183105469,42.66408157348633,12761100,-0.007284209232070952
2011-05-05,55.63999938964844,56.81999969482422,55.59000015258789,56.130001068115234,42.7021369934082,11000000,0.0008915803717591899
2011-05-06,56.75,57.540000915527344,56.33000183105469,56.56999969482422,43.03685760498047,10727500,0.007807936485076207
2011-05-09,56.75,56.91999816894531,55.9900016784668,56.65999984741211,43.1053352355957,8056600,0.001589874666093481
2011-05-10,56.939998626708984,57.099998474121094,56.34000015258789,56.90999984741211,43.29552459716797,9149700,0.004402494816074542
2011-05-11,56.81999969482422,57.720001220703125,56.189998626708984,56.59000015258789,43.05207824707031,11009200,-0.005638766731761205
2011-05-12,56.2599983215332,57.650001525878906,56.13999938964844,57.34000015258789,43.62266159057617,10900000,0.013166271675841713
2011-05-13,57.34000015258789,57.83000183105469,56.77000045776367,57.119998931884766,43.45528793334961,11209100,-0.0038442306982139273
2011-05-16,57.18000030517578,57.7599983215332,56.47999954223633,56.70000076293945,43.135772705078125,13330200,-0.007379899866309926
2011-05-17,56.380001068115234,56.4900016784668,55.65999984741211,56.349998474121094,42.8694953918457,13989800,-0.006192136131577215
2011-05-18,56.22999954223633,56.779998779296875,55.77000045776367,56.45000076293945,42.94556427001953,12429000,0.0017728566150836244
2011-05-19,56.619998931884766,57.66999816894531,56.619998931884766,57.29999923706055,43.59222412109375,11938100,0.014945422106378007
2011-05-20,57.220001220703125,57.75,57.029998779296875,57.380001068115234,43.653079986572266,15272900,0.0013950521686088406
2011-05-23,56.4900016784668,56.70000076293945,55.91999816894531,56.380001068115234,42.89231872558594,12499600,-0.017581081554771155
2011-05-24,56.5099983215332,57.0099983215332,55.95000076293945,56.310001373291016,42.83906555175781,10251800,-0.0012423263925141442
2011-05-25,56.34000015258789,57.41999816894531,56.33000183105469,56.9900016784668,43.522560119628906,10928000,0.015828994271400228
2011-05-26,56.7400016784668,57.54999923706055,56.540000915527344,57.16999816894531,43.6600341796875,12897000,0.0031537068862198796
2011-05-27,57.34000015258789,57.79999923706055,57.060001373291016,57.349998474121094,43.797489166259766,7678400,0.0031433567860760687
2011-05-31,57.95000076293945,58.59000015258789,57.65999984741211,58.59000015258789,44.74446487426758,15104300,0.021391256342106126
2011-06-01,58.43000030517578,58.95000076293945,56.97999954223633,57.150001525878906,43.64476013183594,14968700,-0.024884514828950037
2011-06-02,57.34000015258789,58.310001373291016,57.34000015258789,57.79999923706055,44.14114761352539,12697400,0.011309167609645192
2011-06-03,57.119998931884766,58.15999984741211,56.95000076293945,57.040000915527344,43.56073760986328,12474800,-0.01323616877697604
2011-06-06,56.900001525878906,57.4900016784668,56.41999816894531,56.47999954223633,43.133087158203125,10121500,-0.009865845037400123
2011-06-07,56.619998931884766,57.08000183105469,56.470001220703125,56.5099983215332,43.15598678588867,10225200,0.0005307654185273276
2011-06-08,56.2400016784668,56.52000045776367,55.52000045776367,56.29999923706055,42.99562072753906,12158000,-0.003722884533422592
2011-06-09,56.130001068115234,56.470001220703125,55.68000030517578,55.869998931884766,42.667240142822266,9161600,-0.007666850952976255
2011-06-10,55.70000076293945,55.7400016784668,54.36000061035156,54.599998474121094,41.69734191894531,14544000,-0.022994032186441134
2011-06-13,54.790000915527344,54.88999938964844,54.2400016784668,54.400001525878906,41.544620513916016,10670800,-0.0036693410851929087
2011-06-14,54.869998931884766,55.869998931884766,54.75,55.58000183105469,42.445762634277344,12006100,0.021459044879683368
2011-06-15,55.22999954223633,55.560001373291016,53.79999923706055,54.099998474121094,41.315494537353516,16790500,-0.026989487612486148
2011-06-16,54.119998931884766,54.209999084472656,52.41999816894531,52.9900016784668,40.467803955078125,19464800,-0.020730906115293525
2011-06-17,53.91999816894531,54.29999923706055,52.599998474121094,52.689998626708984,40.238704681396484,25241200,-0.005677358441597466
2011-06-20,52.529998779296875,53.529998779296875,52.130001068115234,53.47999954223633,40.84201431274414,14746000,0.014881978688362458
2011-06-21,53.65999984741211,54.9900016784668,53.150001525878906,54.43000030517578,41.5675163269043,12010100,0.0176076905772296
2011-06-22,54.13999938964844,54.40999984741211,53.66999816894531,53.9900016784668,41.23150634765625,9110300,-0.008116323428436054
2011-06-23,53.119998931884766,54.97999954223633,53.060001373291016,54.959999084472656,41.97228240966797,15571600,0.01780677651402016
2011-06-24,54.77000045776367,54.959999084472656,54.09000015258789,54.189998626708984,41.384239196777344,9494400,-0.01410934518018843
2011-06-27,54.08000183105469,55.11000061035156,53.63999938964844,54.75,41.81189727783203,9797900,0.010280810286363464
2011-06-28,54.83000183105469,55.66999816894531,54.709999084472656,55.45000076293945,42.34648132324219,9556000,0.01270440910393151
2011-06-29,55.599998474121094,55.93000030517578,55.25,55.43000030517578,42.331214904785156,11919400,-0.0003605770894221576
2011-06-30,55.65999984741211,56.849998474121094,55.5099983215332,56.790000915527344,43.36983108520508,12463000,0.02423930818239931
2011-07-01,56.790000915527344,57.97999954223633,56.439998626708984,57.880001068115234,44.202239990234375,12142000,0.019011403210120965
2011-07-05,57.75,58.25,57.5099983215332,58.13999938964844,44.40079116821289,10848700,0.004481822071684671
2011-07-06,57.880001068115234,58.75,57.880001068115234,58.70000076293945,44.82847213745117,11176800,0.009586187950771105
2011-07-07,58.900001525878906,59.47999954223633,58.86000061035156,59.2599983215332,45.256134033203125,12644800,0.009494743369413437
2011-07-08,58.790000915527344,59.369998931884766,58.08000183105469,59.36000061035156,45.332496643066406,12385600,0.0016859207911746517
2011-07-11,58.72999954223633,58.93000030517578,57.7599983215332,58.2400016784668,44.477176666259766,12988300,-0.019047966796692607
2011-07-12,58.2599983215332,58.59000015258789,56.209999084472656,56.52000045776367,43.16362762451172,23141300,-0.029977986225836438
2011-07-13,57.04999923706055,57.09000015258789,56.0099983215332,56.09000015258789,42.83525085449219,18093300,-0.007636805776047675
2011-07-14,56.099998474121094,56.439998626708984,54.290000915527344,54.91999816894531,41.94172668457031,19155100,-0.021080186717621765
2011-07-15,55.04999923706055,55.5,54.63999938964844,54.959999084472656,41.97228240966797,17684400,0.0007282628199498262
2011-07-18,54.869998931884766,55.310001373291016,54.529998779296875,55.279998779296875,42.216651916503906,16182500,0.0058052805891554765
2011-07-19,55.9900016784668,57.2400016784668,55.869998931884766,56.97999954223633,43.514915466308594,15014500,0.03028902521863218
2011-07-20,58.689998626708984,59.400001525878906,57.099998474121094,57.29999923706055,43.75929641723633,27542500,0.00560031616153673
2011-07-21,56.0,57.25,55.869998931884766,56.939998626708984,43.484378814697266,24125900,-0.006302313875833965
2011-07-22,57.15999984741211,57.709999084472656,56.7599983215332,57.459999084472656,43.88149642944336,13586300,0.009090971701252105
2011-07-25,56.91999816894531,57.5099983215332,56.65999984741211,56.810001373291016,43.385093688964844,11346900,-0.01137681887177406
2011-07-26,56.849998474121094,56.9900016784668,56.29999923706055,56.540000915527344,43.17890167236328,10082700,-0.004763929985021844
2011-07-27,56.0,56.150001525878906,54.38999938964844,54.59000015258789,41.68971252441406,15638100,-0.03509759241999375
2011-07-28,54.709999084472656,55.61000061035156,54.459999084472656,54.9900016784668,41.99519348144531,11737400,0.0073007745001600335
2011-07-29,54.38999938964844,55.369998931884766,54.060001373291016,54.779998779296875,41.83481216430664,15256200,-0.0038263509964302465
2011-08-01,55.34000015258789,55.439998626708984,53.40999984741211,54.119998931884766,41.33079147338867,16892000,-0.012121041385739217
2011-08-02,53.630001068115234,54.02000045776367,52.95000076293945,53.0099983215332,40.48308181762695,16681900,-0.020723624494668073
2011-08-03,53.220001220703125,53.810001373291016,52.70000076293945,53.72999954223633,41.03294372558594,15274300,0.013491095628973233
2011-08-04,52.849998474121094,53.09000015258789,51.20000076293945,51.25,39.138999938964844,19556100,-0.04725583879674738
2011-08-05,51.810001373291016,51.97999954223633,48.970001220703125,51.02000045776367,38.96336364746094,28090800,-0.004497599803867804
2011-08-08,49.2599983215332,50.0,46.880001068115234,47.290000915527344,36.114803314208984,33418800,-0.07591896557701916
2011-08-09,47.88999938964844,49.88999938964844,46.70000076293945,49.88999938964844,38.100372314453125,32115100,0.05352120872676039
2011-08-10,48.400001525878906,49.02000045776367,47.130001068115234,47.2599983215332,36.09187316894531,32161800,-0.054156334096083406
2011-08-11,47.72999954223633,50.040000915527344,47.54999923706055,49.54999923706055,37.84071731567383,25079800,0.04731798052757976
2011-08-12,49.900001525878906,51.2400016784668,49.18000030517578,50.5,38.566219329833984,19422000,0.018991045861385735
2011-08-15,50.75,51.40999984741211,50.209999084472656,51.2599983215332,39.146644592285156,13058700,0.014937965898081634
2011-08-16,50.47999954223633,51.459999084472656,49.959999084472656,51.06999969482422,39.00152587890625,17782900,-0.0037139418443233843
2011-08-17,50.97999954223633,51.45000076293945,49.970001220703125,51.0099983215332,38.955718994140625,14115400,-0.001175179808163052
2011-08-18,49.040000915527344,49.150001525878906,47.36000061035156,47.95000076293945,36.61881637573242,23793700,-0.06186337373095049
2011-08-19,47.22999954223633,48.16999816894531,46.439998626708984,46.52000045776367,35.526756286621094,24555800,-0.030276106117142012
2011-08-22,47.70000076293945,47.810001373291016,45.97999954223633,46.400001525878906,35.435115814208984,15673200,-0.0025828101949073976
2011-08-23,46.72999954223633,48.060001373291016,46.56999969482422,48.060001373291016,36.702842712402344,15315600,0.035150909551129886
2011-08-24,48.220001220703125,48.33000183105469,46.880001068115234,47.93000030517578,36.768035888671875,15209800,0.001774667585879899
2011-08-25,48.15999984741211,48.540000915527344,46.779998779296875,46.95000076293945,36.01626968383789,13935000,-0.020658105724176097
2011-08-26,46.9900016784668,49.61000061035156,46.290000915527344,48.939998626708984,37.54282760620117,20783600,0.04151157878370011
2011-08-29,49.650001525878906,51.06999969482422,49.439998626708984,50.91999816894531,39.06172180175781,14572200,0.03966065461336652
2011-08-30,50.54999923706055,51.70000076293945,50.16999816894531,51.2400016784668,39.307193756103516,15801300,0.006264543930035755
2011-08-31,51.84000015258789,52.15999984741211,50.900001525878906,51.459999084472656,39.47597885131836,15897300,0.004284807221232649
2011-09-01,51.91999816894531,52.869998931884766,51.02000045776367,51.060001373291016,39.16912078857422,13690400,-0.007803655189616859
2011-09-02,49.97999954223633,50.45000076293945,49.25,49.68000030517578,38.1104850769043,14692800,-0.027399258243556955
2011-09-06,48.400001525878906,49.560001373291016,47.599998474121094,49.45000076293945,37.934059143066406,14432600,-0.004640076475953895
2011-09-07,50.34000015258789,51.689998626708984,50.27000045776367,51.689998626708984,39.65241622924805,18934900,0.0443025185058244
2011-09-08,51.56999969482422,53.279998779296875,51.290000915527344,51.54999923706055,39.545005798339844,18431400,-0.0027124745734012305
2011-09-09,51.06999969482422,51.27000045776367,49.79999923706055,50.400001525878906,38.66282272338867,19825100,-0.022560925427373722
2011-09-12,49.61000061035156,51.43000030517578,49.61000061035156,51.38999938964844,39.42227554321289,16409200,0.01945254048969338
2011-09-13,51.47999954223633,52.52000045776367,51.400001525878906,52.31999969482422,40.13568878173828,18400800,0.017934907399200402
2011-09-14,52.599998474121094,53.75,51.880001068115234,53.06999969482422,40.711029052734375,15498700,0.014233106776397667
2011-09-15,53.7400016784668,53.91999816894531,52.45000076293945,53.630001068115234,41.140625,16107300,0.01049703630097924
2011-09-16,53.79999923706055,53.939998626708984,53.119998931884766,53.869998931884766,41.324729919433594,19353600,0.004465032024195825
2011-09-19,53.060001373291016,53.90999984741211,52.40999984741211,53.66999816894531,41.171302795410156,12067400,-0.0037196285899120532
2011-09-20,53.91999816894531,54.29999923706055,53.040000915527344,53.11000061035156,40.74171829223633,14759300,-0.01048889263084979
2011-09-21,52.880001068115234,53.689998626708984,51.650001525878906,51.65999984741211,39.62939453125,15156800,-0.02768145789506408
2011-09-22,49.9900016784668,51.2599983215332,48.959999084472656,50.029998779296875,38.37897872924805,24362400,-0.03206124827107938
2011-09-23,49.77000045776367,50.70000076293945,49.25,50.290000915527344,38.57844161987305,18270000,0.0051837324164078985
2011-09-26,50.38999938964844,50.88999938964844,49.2400016784668,50.58000183105469,38.800907135009766,20218700,0.005750012933882145
2011-09-27,51.54999923706055,52.779998779296875,50.75,51.779998779296875,39.72144317626953,16746200,0.02344754613563799
2011-09-28,52.099998474121094,52.52000045776367,50.970001220703125,51.060001373291016,39.16912078857422,11527300,-0.014002470875027683
2011-09-29,51.900001525878906,52.220001220703125,48.810001373291016,50.130001068115234,38.4556999206543,17633700,-0.018381774010261243
2011-09-30,49.459999084472656,50.29999923706055,48.630001068115234,48.630001068115234,37.305015563964844,18776200,-0.03037914424262985
2011-10-03,48.209999084472656,49.349998474121094,47.380001068115234,47.650001525878906,36.55324935913086,27986500,-0.020357699133070572
2011-10-04,47.060001373291016,49.560001373291016,46.400001525878906,49.43000030517578,37.9187126159668,26093400,0.036674642810764144
2011-10-05,49.630001068115234,50.900001525878906,49.33000183105469,50.77000045776367,38.94666290283203,18589300,0.026748365401056087
2011-10-06,50.58000183105469,50.959999084472656,50.0,50.869998931884766,39.02336502075195,14772800,0.001967477624548609
2011-10-07,50.939998626708984,51.0,49.63999938964844,50.22999954223633,38.532405853271484,14967900,-0.01266097210652286
2011-10-10,51.0099983215332,52.13999938964844,50.59000015258789,52.09000015258789,39.959251403808594,11462600,0.036360622237739476
2011-10-11,52.02000045776367,52.11000061035156,51.5099983215332,51.650001525878906,39.6217155456543,10261400,-0.00848287964219051
2011-10-12,52.29999923706055,52.939998626708984,52.02000045776367,52.040000915527344,39.920894622802734,11140800,0.007522521258742497
2011-10-13,51.939998626708984,53.40999984741211,51.900001525878906,53.310001373291016,40.895145416259766,12541000,0.024111500442085123
2011-10-14,54.04999923706055,55.029998779296875,53.84000015258789,54.97999954223633,42.17621612548828,16257800,0.030845101213225805
2011-10-17,54.70000076293945,54.900001525878906,53.34000015258789,53.63999938964844,41.148284912109375,10745800,-0.024674215911910286
2011-10-18,53.599998474121094,54.95000076293945,53.08000183105469,54.560001373291016,41.854034423828125,13141700,0.01700594696576637
2011-10-19,53.79999923706055,54.43000030517578,52.36000061035156,52.599998474121094,40.35049819946289,15090300,-0.036584452701683395
2011-10-20,52.810001373291016,53.2599983215332,51.720001220703125,52.0099983215332,39.897884368896484,17086100,-0.011280442436384678
2011-10-21,52.7599983215332,52.84000015258789,51.47999954223633,52.02000045776367,39.90555953979492,18194900,0.00019235187220443452
2011-10-24,52.400001525878906,53.79999923706055,52.36000061035156,53.61000061035156,41.125267028808594,11234700,0.030107051139876696
2011-10-25,53.40999984741211,53.70000076293945,52.20000076293945,52.31999969482422,40.13568878173828,12847600,-0.02435676910692394
2011-10-26,52.81999969482422,52.83000183105469,50.790000915527344,51.599998474121094,39.5833625793457,20141700,-0.01385703996626447
2011-10-27,53.09000015258789,54.0,52.5,53.52000045776367,41.05623245239258,17147900,0.03653375716151099
2011-10-28,53.40999984741211,53.5,52.709999084472656,53.22999954223633,40.83377456665039,11445300,-0.005433103282329507
2011-10-31,52.68000030517578,53.11000061035156,51.599998474121094,51.599998474121094,39.5833625793457,21419300,-0.031100653879181574
2011-11-01,49.91999816894531,50.81999969482422,49.779998779296875,50.13999938964844,38.46337127685547,22660500,-0.028702500069476587
2011-11-02,51.099998474121094,52.31999969482422,51.06999969482422,52.18000030517578,40.028282165527344,26757000,0.03987986538358549
2011-11-03,56.279998779296875,56.959999084472656,54.7599983215332,56.11000061035156,43.04307556152344,44713900,0.0726151131072418
2011-11-04,55.13999938964844,56.66999816894531,55.11000061035156,56.5,43.34225845336914,21851700,0.006926733373908283
2011-11-07,55.79999923706055,56.9900016784668,55.79999923706055,56.91999816894531,43.6644401550293,14850000,0.007405939528689761
2011-11-08,57.13999938964844,57.290000915527344,56.2599983215332,57.029998779296875,43.74882125854492,12956900,0.00193062536188804
2011-11-09,55.68000030517578,56.5,54.95000076293945,55.40999984741211,42.50609588623047,15984600,-0.028817171516748685
2011-11-10,56.13999938964844,56.220001220703125,54.650001525878906,55.209999084472656,42.3526611328125,11669600,-0.0036162424719867418
2011-11-11,55.91999816894531,56.9900016784668,55.65999984741211,56.619998931884766,43.43429946899414,12743100,0.02521818353097029
2011-11-14,56.56999969482422,57.5,56.439998626708984,57.099998474121094,43.802528381347656,16660300,0.008442101996818864
2011-11-15,56.779998779296875,57.75,56.47999954223633,57.400001525878906,44.03266143798828,13231100,0.005240122636804338
2011-11-16,56.720001220703125,57.970001220703125,56.310001373291016,56.880001068115234,43.633766174316406,15504500,-0.009100359794733894
2011-11-17,56.63999938964844,57.16999816894531,55.40999984741211,56.380001068115234,43.250186920166016,19433700,-0.008829748937858341
2011-11-18,56.54999923706055,56.560001373291016,55.439998626708984,55.66999816894531,42.70554733276367,14375500,-0.012672729309382557
2011-11-21,54.38999938964844,54.77000045776367,53.79999923706055,54.27000045776367,41.792972564697266,15544300,-0.02160062097762234
2011-11-22,53.939998626708984,55.02000045776367,53.93000030517578,54.47999954223633,41.95469284057617,13234300,0.003862089196420157
2011-11-23,53.41999816894531,53.47999954223633,51.599998474121094,52.029998779296875,40.06797409057617,24129500,-0.04601293001851924
2011-11-25,51.68000030517578,53.0,51.68000030517578,51.86000061035156,39.93706130981445,8318700,-0.0032726164533617838
2011-11-28,53.41999816894531,54.040000915527344,53.189998626708984,53.939998626708984,41.53884506225586,12526700,0.03932426737476035
2011-11-29,53.9900016784668,54.58000183105469,52.849998474121094,53.11000061035156,40.89968490600586,13534500,-0.01550665602494997
2011-11-30,54.79999923706055,55.119998931884766,54.08000183105469,54.79999923706055,42.20112609863281,18229000,0.031324546478215226
2011-12-01,54.70000076293945,55.09000015258789,54.36000061035156,54.72999954223633,42.14722442626953,9834300,-0.0012780731185632734
2011-12-02,55.400001525878906,55.70000076293945,54.290000915527344,54.34000015258789,41.84688949584961,12762900,-0.007151363265160231
2011-12-05,55.16999816894531,55.18000030517578,53.689998626708984,54.4900016784668,41.962406158447266,14662200,0.002756656880319859
2011-12-06,54.61000061035156,55.15999984741211,54.04999923706055,54.83000183105469,42.22422790527344,10991200,0.006220051291358618
2011-12-07,54.529998779296875,54.7400016784668,53.54999923706055,54.45000076293945,41.93159866333008,13303600,-0.006954489862205914
2011-12-08,54.04999923706055,54.9900016784668,53.880001068115234,54.06999969482422,41.63896179199219,15566800,-0.007003376926745495
2011-12-09,53.9900016784668,55.400001525878906,53.75,55.18000030517578,42.49375915527344,11624600,0.020320911255829976
2011-12-12,54.40999984741211,54.86000061035156,54.0,54.779998779296875,42.185733795166016,9916800,-0.007275119582196626
2011-12-13,55.38999938964844,55.72999954223633,53.790000915527344,54.189998626708984,41.73136520385742,13936000,-0.01082909292643683
2011-12-14,54.18000030517578,54.310001373291016,52.689998626708984,53.099998474121094,40.891971588134766,12866900,-0.020319259141866546
2011-12-15,53.75,53.77000045776367,52.189998626708984,52.54999923706055,40.468414306640625,11703900,-0.010411973917967658
2011-12-16,52.900001525878906,53.83000183105469,52.41999816894531,52.61000061035156,40.514625549316406,19842900,0.0011412574231271263
2011-12-19,53.0,53.06999969482422,51.7599983215332,51.91999816894531,39.983253479003906,11687300,-0.01320233017195013
2011-12-20,52.869998931884766,54.34000015258789,52.790000915527344,54.11000061035156,41.66976547241211,14330300,0.04131511378147008
2011-12-21,54.189998626708984,54.400001525878906,52.79999923706055,53.4900016784668,41.19231414794922,9900600,-0.011524128060827938
2011-12-22,53.4900016784668,54.52000045776367,53.459999084472656,54.380001068115234,41.87769317626953,8842100,0.01650161358847108
2011-12-23,54.599998474121094,54.7400016784668,53.95000076293945,54.630001068115234,42.07021713256836,5670400,0.0045867560758170965
2011-12-27,54.29999923706055,54.9900016784668,54.0099983215332,54.869998931884766,42.255043029785156,6505300,0.0043836495217358116
2011-12-28,54.79999923706055,54.95000076293945,54.08000183105469,54.34000015258789,41.84688949584961,7060400,-0.009706239227932347
2011-12-29,54.459999084472656,54.939998626708984,54.43000030517578,54.849998474121094,42.23963928222656,5869300,0.009341630537592193
2011-12-30,54.68000030517578,54.9900016784668,54.65999984741211,54.70000076293945,42.124107360839844,4839700,-0.0027389014406433644
2012-01-03,55.880001068115234,55.97999954223633,54.66999816894531,55.27000045776367,42.56308364868164,11238300,0.010367098359184127
2012-01-04,55.220001220703125,56.20000076293945,54.560001373291016,55.83000183105469,42.994327545166016,17589100,0.010080892877329719
2012-01-05,55.869998931884766,56.20000076293945,55.290000915527344,56.060001373291016,43.17144012451172,11518500,0.004110978955362844
2012-01-06,55.90999984741211,56.400001525878906,55.86000061035156,56.15999984741211,43.248443603515625,8040100,0.001782078291732862
2012-01-09,56.13999938964844,56.36000061035156,55.43000030517578,55.90999984741211,43.05593490600586,12663500,-0.00446116454598929
2012-01-10,56.560001373291016,56.599998474121094,55.720001220703125,55.75,42.932716369628906,11673300,-0.0028659275122326386
2012-01-11,55.75,56.029998779296875,55.54999923706055,55.619998931884766,42.83259201049805,7140200,-0.0023348462567827264
2012-01-12,55.61000061035156,56.5099983215332,55.47999954223633,56.33000183105469,43.37936782836914,11387500,0.012684624040830417
2012-01-13,55.939998626708984,56.72999954223633,55.91999816894531,56.540000915527344,43.54109191894531,10517600,0.0037212016058590742
2012-01-17,56.93000030517578,57.7400016784668,56.720001220703125,57.13999938964844,44.00313949584961,12411500,0.010555849535037484
2012-01-18,57.119998931884766,57.90999984741211,56.959999084472656,57.59000015258789,44.349693298339844,13313700,0.007844809697706187
2012-01-19,57.709999084472656,58.2400016784668,57.470001220703125,58.0,44.66543197631836,13298900,0.007094075330592782
2012-01-20,58.02000045776367,58.099998474121094,57.470001220703125,57.72999954223633,44.4575080871582,16538600,-0.004666010036228657
2012-01-23,57.939998626708984,58.720001220703125,57.86000061035156,58.150001525878906,44.780948638916016,13223800,0.007248936836075759
2012-01-24,57.7599983215332,58.68000030517578,57.56999969482422,58.68000030517578,45.1890983581543,11490300,0.009073075602119975
2012-01-25,59.119998931884766,59.5,58.529998779296875,58.9900016784668,45.427825927734375,21441100,0.005268952212945454
2012-01-26,59.130001068115234,59.349998474121094,57.540000915527344,57.810001373291016,44.51911544799805,20419500,-0.020206165627817615
2012-01-27,57.54999923706055,58.150001525878906,57.540000915527344,57.790000915527344,44.50370788574219,10295900,-0.0003461485905011177
2012-01-30,57.2400016784668,58.63999938964844,57.029998779296875,58.630001068115234,45.15058517456055,13061700,0.014430731479764109
2012-01-31,58.95000076293945,59.349998474121094,58.599998474121094,58.81999969482422,45.29690933227539,13551300,0.0032355630449838434
2012-02-01,59.47999954223633,59.75,58.790000915527344,59.560001373291016,45.86677551269531,27741800,0.012502206424016137
2012-02-02,61.029998779296875,61.95000076293945,60.599998474121094,60.72999954223633,46.76778793334961,34830000,0.01945366399458206
2012-02-03,60.9900016784668,61.33000183105469,60.61000061035156,61.060001373291016,47.02191925048828,17428700,0.005419186106964836
2012-02-06,60.81999969482422,61.119998931884766,60.540000915527344,61.06999969482422,47.02961349487305,11060800,0.00016361762913031413
2012-02-07,60.810001373291016,61.619998931884766,60.540000915527344,61.54999923706055,47.399261474609375,12395300,0.007829170219656957
2012-02-08,61.41999816894531,61.66999816894531,60.939998626708984,61.470001220703125,47.337650299072266,11454900,-0.0013006795993154784
2012-02-09,61.59000015258789,61.9900016784668,61.38999938964844,61.939998626708984,47.6995964050293,13895400,0.007616968472111862
2012-02-10,61.43000030517578,61.79999923706055,61.2400016784668,61.72999954223633,47.537879943847656,10376500,-0.003396071017594451
2012-02-13,61.9900016784668,61.9900016784668,61.20000076293945,61.7400016784668,47.54557800292969,9318000,0.0001619221527083575
2012-02-14,61.52000045776367,61.709999084472656,61.099998474121094,61.709999084472656,47.52246856689453,8913400,-0.00048616622144133695
2012-02-15,61.810001373291016,61.9900016784668,61.36000061035156,61.58000183105469,47.42236328125,10839600,-0.0021087050403956658
2012-02-16,61.790000915527344,62.400001525878906,61.560001373291016,62.27000045776367,47.95372772216797,12328800,0.011142623546028262
2012-02-17,62.2599983215332,62.709999084472656,62.0,62.52000045776367,48.146244049072266,14729200,0.004006589822885607
2012-02-21,62.65999984741211,62.93000030517578,62.349998474121094,62.779998779296875,48.34647750854492,8631500,0.004150235243646187
2012-02-22,62.650001525878906,62.939998626708984,62.439998626708984,62.54999923706055,48.16935729980469,7782600,-0.0036702870140260537
2012-02-23,62.54999923706055,63.65999984741211,62.31999969482422,63.5099983215332,48.90863037109375,12639300,0.015230792894863674
2012-02-24,63.79999923706055,63.810001373291016,63.369998931884766,63.439998626708984,48.854740142822266,7904800,-0.0011024626799686946
2012-02-27,62.900001525878906,63.61000061035156,62.75,63.310001373291016,48.75462341308594,9785200,-0.0020513762450215917
2012-02-28,63.400001525878906,63.45000076293945,62.4900016784668,62.68000030517578,48.26946258544922,12045600,-0.01000091608974257
2012-02-29,62.65999984741211,62.970001220703125,62.0,62.18000030517578,48.04924774169922,13508600,-0.00457263654606687
2012-03-01,62.209999084472656,62.88999938964844,62.150001525878906,62.61000061035156,48.38151168823242,9941100,0.0068912712794227445
2012-03-02,62.68000030517578,62.7400016784668,62.15999984741211,62.43000030517578,48.242427825927734,6715500,-0.002878871614290551
2012-03-05,62.22999954223633,62.31999969482422,61.5099983215332,62.11000061035156,47.99514389038086,9243000,-0.005139042379441994
2012-03-06,61.77000045776367,62.45000076293945,60.93000030517578,61.560001373291016,47.570133209228516,14198800,-0.008894726121214095
2012-03-07,61.810001373291016,62.95000076293945,61.4900016784668,62.720001220703125,48.46651840209961,12337300,0.018668106604416212
2012-03-08,62.9900016784668,63.63999938964844,62.869998931884766,63.31999969482422,48.9301643371582,10566200,0.009520846590201647
2012-03-09,63.59000015258789,64.27999877929688,63.43000030517578,63.93000030517578,49.40153503417969,12233300,0.009587433364521765
2012-03-12,63.95000076293945,64.19000244140625,63.459999084472656,63.849998474121094,49.33971405029297,7606300,-0.0012521816877476006
2012-03-13,64.16000366210938,64.88999938964844,64.1500015258789,64.8499984741211,50.11246109008789,11908300,0.015540385927350641
2012-03-14,64.80999755859375,65.55999755859375,64.69999694824219,65.11000061035156,50.313377380371094,15126300,0.004001292125705603
2012-03-15,65.27999877929688,65.48999786376953,64.87999725341797,65.20999908447266,50.39064407348633,10019900,0.001534530739923549
2012-03-16,65.16999816894531,65.62000274658203,65.08000183105469,65.41000366210938,50.54520034790039,17787900,0.00306246796853814
2012-03-19,65.83999633789062,67.0,65.54000091552734,66.75,51.58066940307617,14613100,0.020278985975770485
2012-03-20,66.43000030517578,66.81999969482422,66.33000183105469,66.75,51.58066940307617,11400500,0.0
2012-03-21,66.8499984741211,66.9000015258789,65.9000015258789,66.43000030517578,51.33340072631836,13452600,-0.004805351732019516
2012-03-22,66.2300033569336,66.41000366210938,65.94999694824219,66.29000091552734,51.2252197265625,7652100,-0.002109643039280753
2012-03-23,66.5,66.73999786376953,65.69000244140625,66.68000030517578,51.526580810546875,9777200,0.005865823207151507
2012-03-26,67.33999633789062,68.70999908447266,67.30000305175781,68.58999633789062,53.00251770019531,17106600,0.028241609438237038
2012-03-27,68.58999633789062,68.87000274658203,68.33999633789062,68.48999786376953,52.92524719238281,10089300,-0.0014589285745156483
2012-03-28,68.18000030517578,68.68000030517578,67.33999633789062,68.12000274658203,52.639320373535156,10022800,-0.005417111529989406
2012-03-29,67.87999725341797,67.98999786376953,67.30000305175781,67.93000030517578,52.49251937866211,8426900,-0.002792704676906735
2012-03-30,68.25,68.27999877929688,67.76000213623047,68.05999755859375,52.59297180175781,8117900,0.0019118234603851096
2012-04-02,68.25,68.83000183105469,67.5,68.31999969482422,52.793888092041016,10440400,0.003812933299339381
2012-04-03,68.41000366210938,68.7699966430664,67.7300033569336,68.12999725341797,52.647064208984375,10812400,-0.002784951667243794
2012-04-04,67.33999633789062,67.70999908447266,66.83999633789062,67.38999938964844,52.075233459472656,10898900,-0.01092100623602827
2012-04-05,67.30999755859375,67.5999984741211,67.06999969482422,67.19000244140625,51.920677185058594,15585300,-0.002972355109866561
2012-04-09,66.12000274658203,67.7699966430664,65.58000183105469,66.5,51.38750076293945,9976300,-0.010322148095509845
2012-04-10,66.68000030517578,67.0999984741211,66.06999969482422,66.22000122070312,51.17112731933594,17300900,-0.004219513631973073
2012-04-11,66.91999816894531,67.5,66.0999984741211,66.22000122070312,51.17112731933594,11825700,0.0
2012-04-12,66.5199966430664,68.56999969482422,66.31999969482422,68.33000183105469,52.80160140991211,15714300,0.031366066546648315
2012-04-13,68.0,68.12999725341797,66.58999633789062,66.66999816894531,51.518856048583984,15743500,-0.02459364246180948
2012-04-16,67.33999633789062,67.5,65.52999877929688,66.25,51.194313049316406,16189600,-0.006319424902820874
2012-04-17,66.7699966430664,67.87999725341797,66.43000030517578,67.2300033569336,51.95158767700195,14001700,0.014683826093633081
2012-04-18,67.44999694824219,67.5,66.54000091552734,66.98999786376953,51.76612854003906,21913700,-0.0035762325162388493
2012-04-19,63.470001220703125,64.8499984741211,62.2599983215332,62.560001373291016,48.342872619628906,41688100,-0.06841724737553483
2012-04-20,62.84000015258789,63.310001373291016,62.220001220703125,62.25,48.103328704833984,23033000,-0.004967420262749234
2012-04-23,61.81999969482422,62.040000915527344,61.36000061035156,61.560001373291016,47.570133209228516,14149300,-0.011146267841587858
2012-04-24,61.5,62.459999084472656,61.2599983215332,61.86000061035156,47.80195236206055,15974500,0.004861372339518286
2012-04-25,63.029998779296875,63.5099983215332,62.65999984741211,63.2599983215332,48.88380432128906,16700900,0.022379658590490355
2012-04-26,63.31999969482422,63.9900016784668,63.099998474121094,63.90999984741211,49.38608169555664,11419800,0.010222495793846561
2012-04-27,64.37000274658203,64.48999786376953,63.91999816894531,64.18000030517578,49.59471130371094,7323100,0.004215563662303959
2012-04-30,63.97999954223633,64.12999725341797,63.400001525878906,63.83000183105469,49.32426452636719,8570800,-0.00546806007502579
2012-05-01,63.81999969482422,64.62999725341797,63.38999938964844,63.63999938964844,49.17744445800781,10756200,-0.002981068625161292
2012-05-02,63.209999084472656,64.30000305175781,62.7599983215332,64.23999786376953,49.64108657836914,10374400,0.009383776861917912
2012-05-03,64.4800033569336,64.72000122070312,63.459999084472656,63.54999923706055,49.10789108276367,8055800,-0.010799112862392386
2012-05-04,63.040000915527344,63.06999969482422,61.380001068115234,61.90999984741211,47.840599060058594,14060800,-0.026145104681462087
2012-05-07,61.279998779296875,62.310001373291016,61.25,61.91999816894531,47.84831619262695,8798200,0.00016129627062271094
2012-05-08,61.72999954223633,62.810001373291016,60.86000061035156,62.66999816894531,48.42787551879883,14090600,0.012039660410563991
2012-05-09,61.95000076293945,62.900001525878906,61.810001373291016,62.0099983215332,47.917869567871094,12259900,-0.010587093684191575
2012-05-10,62.59000015258789,62.79999923706055,62.220001220703125,62.47999954223633,48.281063079833984,8300000,0.00755092031960073
2012-05-11,62.04999923706055,63.060001373291016,61.56999969482422,61.86000061035156,47.80195236206055,9305500,-0.009972931981113115
2012-05-14,61.16999816894531,62.130001068115234,60.970001220703125,61.459999084472656,47.49286651611328,7552900,-0.006486961903355122
2012-05-15,61.54999923706055,62.5,61.27000045776367,61.439998626708984,47.47739791870117,10579300,-0.00032575664900911643
2012-05-16,61.65999984741211,61.93000030517578,59.06999969482422,59.11000061035156,45.676910400390625,21045600,-0.038660837163395904
2012-05-17,59.2599983215332,59.36000061035156,56.54999923706055,57.15999984741211,44.170066833496094,24028100,-0.03354558863778603
2012-05-18,57.459999084472656,58.29999923706055,55.720001220703125,55.97999954223633,43.25822448730469,20135200,-0.020859961848677513
2012-05-21,55.849998474121094,57.58000183105469,55.849998474121094,57.220001220703125,44.2164306640625,20321700,0.021909077632911184
2012-05-22,57.40999984741211,58.29999923706055,57.349998474121094,57.93000030517578,44.76507568359375,16014200,0.012331820282910593
2012-05-23,57.5,58.41999816894531,57.09000015258789,58.13999938964844,44.927337646484375,15300000,0.003618190968100334
2012-05-24,58.40999984741211,58.68000030517578,56.650001525878906,57.150001525878906,44.162330627441406,13447300,-0.01717428827385792
2012-05-25,57.20000076293945,57.72999954223633,57.0,57.31999969482422,44.29369354248047,8024300,0.0029701314939691685
2012-05-29,57.900001525878906,58.75,57.61000061035156,58.38999938964844,45.120521545410156,10972600,0.01849485723712191
2012-05-30,57.4900016784668,58.0099983215332,56.869998931884766,57.45000076293945,44.585052490234375,11060800,-0.011938509303614888
2012-05-31,57.290000915527344,57.709999084472656,56.29999923706055,57.310001373291016,44.47639846801758,13411000,-0.002439979922934764
2012-06-01,55.970001220703125,56.40999984741211,54.849998474121094,55.119998931884766,42.776817321777344,17494600,-0.03896237248893691
2012-06-04,55.119998931884766,55.91999816894531,54.91999816894531,55.849998474121094,43.343345642089844,12294600,0.013156883896453177
2012-06-05,55.540000915527344,57.29999923706055,55.45000076293945,57.18000030517578,44.375518798828125,11730700,0.023534750590663844
2012-06-06,57.400001525878906,58.560001373291016,57.25,58.400001525878906,45.32230758666992,12956000,0.02111141351801456
2012-06-07,59.13999938964844,59.5,57.83000183105469,58.0,45.01188278198242,9156700,-0.0068728357524846
2012-06-08,57.93000030517578,58.91999816894531,57.540000915527344,58.7599983215332,45.6016960144043,8861500,0.013018392393061894
2012-06-11,58.970001220703125,59.290000915527344,57.66999816894531,57.790000915527344,44.848907470703125,12484000,-0.016645680546500168
2012-06-12,57.95000076293945,59.45000076293945,57.599998474121094,59.400001525878906,46.098384857177734,14961900,0.027478685172256184
2012-06-13,59.349998474121094,59.689998626708984,58.66999816894531,58.939998626708984,45.74138641357422,7527900,-0.00777441487036829
2012-06-14,58.88999938964844,58.88999938964844,56.0099983215332,56.790000915527344,44.072837829589844,27236900,-0.03715982841915604
2012-06-15,56.38999938964844,57.15999984741211,55.619998931884766,56.5,43.8477897644043,30969900,-0.00511935737597723
2012-06-18,56.119998931884766,57.29999923706055,55.79999923706055,56.77000045776367,44.05731201171875,12788200,0.0047670189751083435
2012-06-19,56.77000045776367,57.31999969482422,56.66999816894531,57.02000045776367,44.25133514404297,10031500,0.004394211683094666
2012-06-20,57.18000030517578,57.68000030517578,56.65999984741211,57.0,44.23582458496094,13417100,-0.0003505719765079654
2012-06-21,57.16999816894531,57.349998474121094,55.040000915527344,55.130001068115234,42.784568786621094,15252300,-0.033357476560917455
2012-06-22,55.27000045776367,55.939998626708984,55.13999938964844,55.63999938964844,43.180362701416016,13144700,0.009208329598211794
2012-06-25,55.130001068115234,55.369998931884766,53.45000076293945,53.560001373291016,41.566162109375,18901100,-0.03809939936947947
2012-06-26,53.77000045776367,54.4900016784668,53.40999984741211,53.91999816894531,41.84552764892578,14081800,0.006698499573654803
2012-06-27,53.900001525878906,55.439998626708984,53.84000015258789,54.90999984741211,42.61384582519531,11946400,0.018194294828307127
2012-06-28,54.58000183105469,55.20000076293945,53.77000045776367,54.29999923706055,42.14044189453125,13326100,-0.011171325173807822
2012-06-29,55.709999084472656,55.95000076293945,54.470001220703125,55.68000030517578,43.21141052246094,13548300,0.02509669817265501
2012-07-02,55.650001525878906,55.86000061035156,54.869998931884766,55.66999816894531,43.203651428222656,9894500,-0.00017957735802027883
2012-07-03,55.91999816894531,56.540000915527344,55.75,56.2599983215332,43.66153335571289,7578700,0.010542455403727523
2012-07-05,56.27000045776367,56.68000030517578,55.77000045776367,56.25,43.653770446777344,10344500,-0.00017781324963515708
2012-07-06,55.869998931884766,56.22999954223633,54.83000183105469,55.310001373291016,42.92427444458008,8514400,-0.01685215385658545
2012-07-09,55.38999938964844,56.0,54.93000030517578,55.31999969482422,42.932037353515625,7805700,0.00018083490413504743
2012-07-10,55.4900016784668,55.86000061035156,54.79999923706055,55.16999816894531,42.815616607666016,10072300,-0.002715428632916561
2012-07-11,54.970001220703125,55.150001525878906,53.619998931884766,54.369998931884766,42.194759368896484,14663200,-0.014606882289178955
2012-07-12,53.84000015258789,54.38999938964844,53.11000061035156,53.72999954223633,41.698081970214844,11685300,-0.011840895930324417
2012-07-13,53.63999938964844,55.189998626708984,53.619998931884766,54.97999954223633,42.66817092895508,10125400,0.02299809894860686
2012-07-16,55.2599983215332,55.33000183105469,53.959999084472656,54.36000061035156,42.18700408935547,11611400,-0.011341017132731288
2012-07-17,54.599998474121094,55.33000183105469,53.09000015258789,54.459999084472656,42.26460647583008,15934200,0.0018377958169669216
2012-07-18,54.560001373291016,56.63999938964844,54.54999923706055,56.04999923706055,43.49854278564453,21808000,0.02877742889129845
2012-07-19,58.849998474121094,58.88999938964844,57.4900016784668,58.439998626708984,45.35335159301758,26039100,0.041756640505311665
2012-07-20,58.189998626708984,58.59000015258789,57.630001068115234,57.68000030517578,44.7635383605957,12627500,-0.013090146693660917
2012-07-23,56.529998779296875,57.65999984741211,56.06999969482422,57.31999969482422,44.48414611816406,11996000,-0.006261073478115879
2012-07-24,57.43000030517578,57.4900016784668,56.29999923706055,56.790000915527344,44.072837829589844,8767200,-0.009289188223219363
2012-07-25,56.689998626708984,57.709999084472656,56.400001525878906,57.279998779296875,44.4531135559082,10990200,0.008591335295684049
2012-07-26,58.040000915527344,58.77000045776367,57.7400016784668,58.209999084472656,45.17486572265625,10885800,0.016105858333222124
2012-07-27,58.81999969482422,59.529998779296875,58.310001373291016,59.34000015258789,46.05181884765625,12054200,0.019226395063819478
2012-07-30,59.22999954223633,59.86000061035156,58.959999084472656,59.150001525878906,45.90437316894531,7936700,-0.0032068706160750557
2012-07-31,59.189998626708984,60.189998626708984,59.150001525878906,59.68000030517578,46.3156852722168,12198300,0.008920289958961948
2012-08-01,60.09000015258789,60.16999816894531,59.060001373291016,59.52000045776367,46.191505432128906,8362600,-0.0026847624218732714
2012-08-02,58.7400016784668,59.70000076293945,58.15999984741211,58.880001068115234,45.69482421875,9858200,-0.010810880197960011
2012-08-03,59.91999816894531,60.349998474121094,59.310001373291016,60.2400016784668,46.750274658203125,9843000,0.02283509488017869
2012-08-06,60.40999984741211,60.5,60.0099983215332,60.130001068115234,46.6649169921875,7178400,-0.0018274905454560492
2012-08-07,60.33000183105469,61.400001525878906,60.2400016784668,61.34000015258789,47.60395431518555,10143300,0.01992319142160903
2012-08-08,61.2400016784668,61.54999923706055,60.97999954223633,61.45000076293945,47.68931198120117,6544000,0.0017914736719987258
2012-08-09,61.529998779296875,62.0,61.27000045776367,62.0,48.11615753173828,7022400,0.008910730818148452
2012-08-10,61.709999084472656,62.04999923706055,61.36000061035156,61.97999954223633,48.10063552856445,5528500,-0.00032264644901967035
2012-08-13,61.630001068115234,62.189998626708984,61.439998626708984,62.099998474121094,48.19375228881836,10550300,0.0019340024146520622
2012-08-14,62.40999984741211,63.09000015258789,62.15999984741211,62.38999938964844,48.418819427490234,10231100,0.004659177202689336
2012-08-15,62.209999084472656,62.790000915527344,61.90999984741211,62.52000045776367,48.51970672607422,7968200,0.0020814703712090585
2012-08-16,62.70000076293945,63.0,62.5099983215332,62.56999969482422,48.55851364135742,9448300,0.0007994979142268442
2012-08-17,62.900001525878906,63.34000015258789,62.54999923706055,63.290000915527344,49.11728286743164,13204000,0.011441428512831869
2012-08-20,63.099998474121094,63.290000915527344,62.349998474121094,62.79999923706055,48.737003326416016,7624000,-0.0077724026244214576
2012-08-21,62.79999923706055,63.290000915527344,61.59000015258789,62.08000183105469,48.17824172973633,12461300,-0.011531060725696114
2012-08-22,62.150001525878906,62.470001220703125,61.650001525878906,62.16999816894531,48.24808120727539,7209900,0.0014485565273871341
2012-08-23,62.040000915527344,62.33000183105469,61.75,62.040000915527344,48.14719009399414,5463600,-0.002093280069859342
2012-08-24,61.97999954223633,62.619998931884766,61.75,62.43000030517578,48.449867248535156,6402100,0.006266819165190661
2012-08-27,62.540000915527344,62.61000061035156,62.029998779296875,62.369998931884766,48.40329360961914,5579600,-0.0009617371718830565
2012-08-28,62.220001220703125,62.54999923706055,61.869998931884766,62.0099983215332,48.12391662597656,7113600,-0.005788580506286466
2012-08-29,61.97999954223633,62.459999084472656,61.779998779296875,62.11000061035156,48.20152282714844,7550600,0.0016113337951811854
2012-08-30,61.63999938964844,61.970001220703125,61.06999969482422,61.20000076293945,47.495304107666016,7724400,-0.0147597692194248
2012-08-31,61.59000015258789,61.70000076293945,60.779998779296875,61.459999084472656,47.69706344604492,9017800,0.00423898776092645
2012-09-04,61.20000076293945,61.400001525878906,60.41999816894531,60.810001373291016,47.19264602661133,9460200,-0.010631757091442274
2012-09-05,60.70000076293945,60.880001068115234,60.279998779296875,60.68000030517578,47.2861442565918,7637100,0.0019792433883358516
2012-09-06,61.29999923706055,62.66999816894531,61.20000076293945,62.619998931884766,48.79792404174805,11152700,0.031470452506016953
2012-09-07,62.5,62.959999084472656,61.880001068115234,61.93000030517578,48.26023483276367,11786200,-0.01107984564929637
2012-09-10,61.9900016784668,62.66999816894531,61.13999938964844,61.290000915527344,47.761505126953125,12110300,-0.010387943205614883
2012-09-11,61.310001373291016,62.15999984741211,61.29999923706055,61.849998474121094,48.197898864746094,9352200,0.009095445117459657
2012-09-12,62.29999923706055,62.630001068115234,61.970001220703125,62.439998626708984,48.65767288208008,8675400,0.009494084080347494
2012-09-13,62.58000183105469,64.25,62.5,63.849998474121094,49.756446838378906,13965900,0.022330527731237775
2012-09-14,64.16999816894531,65.27999877929688,64.06999969482422,64.87999725341797,50.55907440185547,15970700,0.016002402845436924
2012-09-17,65.04000091552734,65.05000305175781,64.43000030517578,64.80999755859375,50.50453567504883,10085900,-0.0010792951500423133
2012-09-18,64.61000061035156,65.3499984741211,64.5,65.08000183105469,50.714942932128906,8571000,0.004157451965550555
2012-09-19,65.04000091552734,65.44999694824219,64.51000213623047,65.08000183105469,50.714942932128906,10002100,0.0
2012-09-20,64.6500015258789,64.76000213623047,63.189998626708984,64.3499984741211,50.14606857299805,13921400,-0.011280481586144227
2012-09-21,64.79000091552734,64.95999908447266,64.2300033569336,64.2699966430664,50.08372497558594,18609400,-0.0012440134464005578
2012-09-24,63.5,63.900001525878906,63.040000915527344,63.66999816894531,49.61616516113281,11306100,-0.009379413388365886
2012-09-25,64.01000213623047,64.36000061035156,62.68000030517578,62.72999954223633,48.88364791870117,13227400,-0.014873748973650963
2012-09-26,62.650001525878906,63.34000015258789,62.06999969482422,62.31999969482422,48.56414031982422,10807500,-0.00655753710963077
2012-09-27,62.52000045776367,63.70000076293945,62.38999938964844,63.4900016784668,49.47589874267578,8481900,0.018600251858853938
2012-09-28,63.060001373291016,63.220001220703125,62.27000045776367,62.470001220703125,48.681053161621094,9603100,-0.016195754650509223
2012-10-01,62.72999954223633,62.790000915527344,61.529998779296875,61.90999984741211,48.244651794433594,10629900,-0.009004924262659125
2012-10-02,62.130001068115234,62.310001373291016,61.52000045776367,61.790000915527344,48.15114212036133,8103700,-0.0019401199908430874
2012-10-03,62.150001525878906,62.369998931884766,61.630001068115234,62.06999969482422,48.36933517456055,7533700,0.004521184146406702
2012-10-04,62.150001525878906,62.779998779296875,61.66999816894531,62.650001525878906,48.821311950683594,7068600,0.009300895667173138
2012-10-05,63.040000915527344,63.75,62.41999816894531,62.63999938964844,48.81352615356445,10025500,-0.0001594880943487346
2012-10-08,62.04999923706055,62.31999969482422,61.380001068115234,61.400001525878906,47.84722900390625,9243200,-0.019994243563185365
2012-10-09,61.279998779296875,61.650001525878906,60.290000915527344,60.38999938964844,47.060157775878906,12914100,-0.01658647022069877
2012-10-10,60.20000076293945,60.27000045776367,59.650001525878906,59.779998779296875,46.58480453491211,11534500,-0.010152330934009475
2012-10-11,60.45000076293945,60.5099983215332,59.15999984741211,59.209999084472656,46.14060592651367,8893100,-0.009581020006317682
2012-10-12,59.20000076293945,59.22999954223633,58.099998474121094,58.88999938964844,45.8912467956543,14967800,-0.005418987745978112
2012-10-15,59.22999954223633,59.470001220703125,58.2400016784668,59.290000915527344,46.20296096801758,13527900,0.006769488989932349
2012-10-16,59.4900016784668,60.45000076293945,59.20000076293945,60.36000061035156,47.03678512573242,10443200,0.017886071588467892
2012-10-17,59.880001068115234,61.2599983215332,59.880001068115234,60.97999954223633,47.519927978515625,11048200,0.010219201610311972
2012-10-18,61.029998779296875,61.040000915527344,59.61000061035156,59.959999084472656,46.72506332397461,15806600,-0.016868450860652605
2012-10-19,59.9900016784668,59.9900016784668,58.5,58.75,45.78216552734375,14977800,-0.020386092270580327
2012-10-22,58.5,58.779998779296875,58.029998779296875,58.68000030517578,45.72761154174805,10730700,-0.0011923095827750525
2012-10-23,58.09000015258789,58.689998626708984,57.66999816894531,58.310001373291016,45.43927001953125,9623200,-0.006325597162768662
2012-10-24,58.81999969482422,58.939998626708984,57.470001220703125,57.630001068115234,44.90937805175781,11584500,-0.011730071338673261
2012-10-25,57.9900016784668,58.209999084472656,57.290000915527344,57.43000030517578,44.75352478027344,8927700,-0.003476430575551109
2012-10-26,57.79999923706055,59.209999084472656,57.70000076293945,59.040000915527344,46.00814437866211,13502400,0.02764822486872394
2012-10-31,59.150001525878906,59.47999954223633,58.31999969482422,58.61000061035156,45.67305374145508,10695100,-0.007309942195661077
2012-11-01,58.709999084472656,59.869998931884766,58.52000045776367,59.72999954223633,46.545833587646484,9562000,0.01892900536089614
2012-11-02,60.0,60.099998474121094,59.220001220703125,59.29999923706055,46.21074295043945,7999300,-0.007225193241319595
2012-11-05,60.13999938964844,60.54999923706055,59.79999923706055,60.43000030517578,47.091331481933594,10384000,0.01887663666320341
2012-11-06,60.54999923706055,60.720001220703125,60.0099983215332,60.369998931884766,47.04457092285156,9513000,-0.0009934692658905542
2012-11-07,59.400001525878906,59.709999084472656,58.11000061035156,58.119998931884766,45.291221618652344,22730600,-0.037982239390684853
2012-11-08,62.7599983215332,62.79999923706055,60.380001068115234,60.66999816894531,47.278350830078125,32220300,0.042939261111095736
2012-11-09,61.119998931884766,62.2400016784668,61.040000915527344,61.619998931884766,48.01866149902344,17209200,0.015537225012730338
2012-11-12,61.84000015258789,62.119998931884766,61.150001525878906,61.619998931884766,48.01866149902344,8222800,0.0
2012-11-13,61.34000015258789,62.7599983215332,61.20000076293945,62.130001068115234,48.41608810424805,13091200,0.008242440756722029
2012-11-14,62.33000183105469,62.56999969482422,61.52000045776367,61.72999954223633,48.104373931884766,15412500,-0.006459050226152074
2012-11-15,61.63999938964844,62.290000915527344,60.84000015258789,61.279998779296875,47.753700256347656,14634500,-0.007316550908376415
2012-11-16,61.380001068115234,62.029998779296875,60.75,61.93000030517578,48.26023483276367,15580300,0.010551369972934627
2012-11-19,62.5,62.54999923706055,62.04999923706055,62.09000015258789,48.384925842285156,12168800,0.00258038949570826
2012-11-20,61.95000076293945,62.33000183105469,61.380001068115234,62.13999938964844,48.42387771606445,9751700,0.0008047176382637117
2012-11-21,62.16999816894531,62.54999923706055,61.880001068115234,62.13999938964844,48.42387771606445,7841800,0.0
2012-11-23,62.349998474121094,63.15999984741211,62.20000076293945,63.130001068115234,49.195369720458984,4803200,0.01580647438591811
2012-11-26,62.75,63.040000915527344,62.040000915527344,62.4900016784668,48.69662857055664,11120000,-0.01018970853525018
2012-11-27,62.61000061035156,62.720001220703125,61.93000030517578,62.2599983215332,48.51739501953125,9150100,-0.0036874053247095456
2012-11-28,61.86000061035156,62.68000030517578,61.66999816894531,62.650001525878906,48.821311950683594,9932500,0.0062445439886749015
2012-11-29,63.04999923706055,63.68000030517578,62.880001068115234,63.349998474121094,49.36680221557617,11977500,0.011111240534222947
2012-11-30,63.619998931884766,63.810001373291016,63.15999984741211,63.619998931884766,49.57720947265625,13017300,0.004253063336595713
2012-12-03,63.90999984741211,63.95000076293945,63.2400016784668,63.369998931884766,49.382381439208984,8558400,-0.003937532145643679
2012-12-04,63.439998626708984,63.58000183105469,63.0,63.470001220703125,49.4603157043457,10194200,0.0015769355458527083
2012-12-05,63.09000015258789,63.97999954223633,62.970001220703125,63.630001068115234,49.78107452392578,11632000,0.006464237064531468
2012-12-06,63.599998474121094,64.19999694824219,63.400001525878906,64.19999694824219,50.227012634277344,8947000,0.008918100097050857
2012-12-07,64.31999969482422,64.4000015258789,63.47999954223633,63.86000061035156,49.96101379394531,9271900,-0.00531000509395859
2012-12-10,63.79999923706055,64.23999786376953,63.66999816894531,63.93000030517578,50.015777587890625,7277600,0.0010955302458826083
2012-12-11,64.16999816894531,64.66999816894531,64.08999633789062,64.3499984741211,50.3443717956543,9745700,0.006548323890962452
2012-12-12,64.51000213623047,64.72000122070312,63.33000183105469,63.4900016784668,49.67155075073242,11690000,-0.01345448159530937
2012-12-13,63.06999969482422,64.01000213623047,62.5,62.7599983215332,49.10042953491211,12997200,-0.011564566778200707
2012-12-14,61.58000183105469,61.970001220703125,59.439998626708984,59.83000183105469,46.808143615722656,37041800,-0.04781058625865182
2012-12-17,60.209999084472656,62.060001373291016,59.900001525878906,62.040000915527344,48.53712844848633,20747200,0.03627184342252627
2012-12-18,62.400001525878906,63.45000076293945,62.150001525878906,63.36000061035156,49.56983947753906,12934000,0.021053533637352222
2012-12-19,63.310001373291016,63.540000915527344,62.529998779296875,62.54999923706055,48.93613815307617,14141800,-0.012866428654476077
2012-12-20,62.93000030517578,63.15999984741211,62.529998779296875,62.86000061035156,49.17866897583008,10469400,0.004943827009073405
2012-12-21,61.5099983215332,62.5099983215332,61.36000061035156,61.61000061035156,48.200721740722656,20090400,-0.020085977264888658
2012-12-24,61.5,61.95000076293945,61.400001525878906,61.900001525878906,48.42760467529297,5774900,0.004696000850445819
2012-12-26,61.880001068115234,62.2599983215332,61.29999923706055,61.59000015258789,48.18507766723633,7072600,-0.005020614511789986
2012-12-27,61.56999969482422,61.75,60.720001220703125,61.5099983215332,48.122493743896484,8218400,-0.0012996679540817518
2012-12-28,61.150001525878906,61.599998474121094,60.54999923706055,60.63999938964844,47.44184875488281,7946400,-0.014244988891618727
2012-12-31,60.52000045776367,62.25,60.220001220703125,61.86000061035156,48.39632034301758,15214600,0.019919060550437427
2013-01-02,63.58000183105469,64.75,63.540000915527344,64.75,50.657318115234375,17582200,0.045659919408653084
2013-01-03,64.81999969482422,65.19000244140625,64.08999633789062,64.44999694824219,50.422603607177734,14118200,-0.004644145462695977
2013-01-04,64.0999984741211,64.3499984741211,63.220001220703125,63.5,49.67937469482422,13918300,-0.014849707919828455
2013-01-07,63.349998474121094,64.23999786376953,63.15999984741211,64.01000213623047,50.078369140625,10310100,0.007999310290339508
2013-01-08,64.55999755859375,64.63999938964844,63.599998474121094,63.90999984741211,50.00012969970703,12856700,-0.00156356175930036
2013-01-09,64.3499984741211,64.95999908447266,64.2699966430664,64.87999725341797,50.759010314941406,12374300,0.015063545895609227
2013-01-10,65.47000122070312,65.52999877929688,64.38999938964844,64.77999877929688,50.68076705932617,13114000,-0.0015426546303110307
2013-01-11,64.77999877929688,65.0,64.33000183105469,64.9000015258789,50.77466583251953,6759000,0.0018510354217138754
2013-01-14,64.29000091552734,64.66999816894531,63.7599983215332,64.23999786376953,50.2583122253418,12726100,-0.010221575426964565
2013-01-15,63.75,64.47000122070312,63.52000045776367,64.44000244140625,50.4147834777832,6391800,0.0031085043594698963
2013-01-16,64.54000091552734,65.04000091552734,64.2699966430664,64.79000091552734,50.6885986328125,10131800,0.005416551232387046
2013-01-17,64.91999816894531,65.31999969482422,64.80000305175781,65.13999938964844,50.962432861328125,7733500,0.005387744460444553
2013-01-18,64.7300033569336,65.06999969482422,64.45999908447266,64.68000030517578,50.6025505065918,12459700,-0.0070867704395417
2013-01-22,64.7300033569336,64.87999725341797,64.05999755859375,64.68000030517578,50.6025505065918,8341000,0.0
2013-01-23,64.9000015258789,65.30000305175781,64.66000366210938,64.88999938964844,50.766841888427734,9241500,0.003241442447357086
2013-01-24,63.95000076293945,64.94999694824219,63.849998474121094,64.4000015258789,50.38350296020508,12751400,-0.007579623461526871
2013-01-25,64.18000030517578,64.5199966430664,63.369998931884766,63.65999984741211,49.80454635620117,15995900,-0.011557527120644132
2013-01-28,63.470001220703125,64.04000091552734,63.459999084472656,63.66999816894531,49.81238555908203,12237400,0.00015738695714316247
2013-01-29,63.619998931884766,63.959999084472656,62.33000183105469,63.45000076293945,49.6402587890625,12087400,-0.00346148547410825
2013-01-30,63.650001525878906,64.12000274658203,63.25,63.529998779296875,49.702842712402344,19181200,0.001259955259564526
2013-01-31,67.08999633789062,67.44000244140625,65.95999908447266,66.0199966430664,51.65089797973633,27660800,0.0384454523763037
2013-02-01,66.4000015258789,66.80000305175781,65.62999725341797,66.7300033569336,52.206363677978516,14841200,0.010696815722228485
2013-02-04,66.25,67.0999984741211,65.36000061035156,65.63999938964844,51.353607177734375,14311500,-0.016469216201984396
2013-02-05,66.18000030517578,67.1500015258789,65.87999725341797,66.94999694824219,52.378482818603516,12356800,0.019760692965262876
2013-02-06,66.5199966430664,67.19999694824219,66.47000122070312,67.18000030517578,52.55842971801758,11195700,0.003429623979721841
2013-02-07,67.12000274658203,67.33000183105469,66.0199966430664,66.54000091552734,52.05772399902344,11521200,-0.009572317935097765
2013-02-08,66.9000015258789,67.44999694824219,66.31999969482422,66.94999694824219,52.378482818603516,7396300,0.006142693955375915
2013-02-11,67.0,67.30999755859375,66.75,67.18000030517578,52.55842971801758,6653800,0.003429623979721841
2013-02-12,66.36000061035156,66.41999816894531,65.52999877929688,65.88999938964844,51.54918670654297,16455700,-0.019389064191224888
2013-02-13,66.19999694824219,66.23999786376953,65.19999694824219,65.44999694824219,51.204959869384766,8951700,-0.006700033747272317
2013-02-14,65.12000274658203,65.69999694824219,65.02999877929688,65.52999877929688,51.26753234863281,13771100,0.0012212543224176663
2013-02-15,65.70999908447266,66.25,65.11000061035156,65.43000030517578,51.18931579589844,11356700,-0.0015268197167018786
2013-02-19,65.75,65.87999725341797,65.30999755859375,65.66999816894531,51.377079010009766,7488500,0.00366130493747315
2013-02-20,66.01000213623047,66.05999755859375,64.48999786376953,65.2699966430664,51.06412887573242,12388400,-0.0061098675871542885
2013-02-21,65.19999694824219,65.43000030517578,64.31999969482422,64.81999969482422,50.71208190917969,11749500,-0.006918087594642052
2013-02-22,65.20999908447266,65.7699966430664,64.66999816894531,64.94000244140625,50.80596160888672,7070300,0.0018495180406357832
2013-02-25,65.38999938964844,67.44999694824219,64.80000305175781,64.80000305175781,50.69642639160156,13078300,-0.0021582794644023078
2013-02-26,64.97000122070312,65.54000091552734,64.97000122070312,65.2699966430664,51.06412887573242,10027200,0.007226849018408687
2013-02-27,65.23999786376953,66.1500015258789,65.0,65.63999938964844,51.353607177734375,8976900,0.005652909037477548
2013-02-28,65.81999969482422,66.22000122070312,65.61000061035156,65.63999938964844,51.353607177734375,9596300,0.0
2013-03-01,65.33999633789062,66.6500015258789,65.16000366210938,66.30000305175781,51.86996078491211,11186800,0.01000465154058856
2013-03-04,66.05000305175781,66.6500015258789,65.86000061035156,66.62999725341797,52.12812805175781,7969900,0.0049648565670327065
2013-03-05,67.5199966430664,68.5,67.51000213623047,67.97000122070312,53.176490783691406,16205100,0.019911707214011483
2013-03-06,67.4800033569336,67.5199966430664,66.22000122070312,66.66999816894531,52.35198211669922,16966700,-0.01562659673475177
2013-03-07,66.97000122070312,67.0999984741211,66.4000015258789,66.79000091552734,52.44620895385742,9305400,0.0017982536070048924
2013-03-08,67.33000183105469,67.91999816894531,66.5,66.6500015258789,52.33628845214844,8590100,-0.0020980706654596757
2013-03-11,66.7300033569336,66.93000030517578,66.30999755859375,66.69999694824219,52.37554168701172,6559800,0.0007497383371071143
2013-03-12,66.70999908447266,67.08999633789062,66.37000274658203,67.04000091552734,52.64253234863281,9115600,0.005084672125279566
2013-03-13,67.01000213623047,67.5,66.66000366210938,66.75,52.414794921875,9621500,-0.004335495474654916
2013-03-14,67.0,67.05999755859375,66.36000061035156,66.56999969482422,52.2734489440918,9262200,-0.002700323521567942
2013-03-15,66.41999816894531,66.58000183105469,64.73999786376953,64.97000122070312,51.01707458496094,26182100,-0.024328201314382066
2013-03-18,64.41000366210938,64.80000305175781,63.400001525878906,64.55999755859375,50.69512176513672,14183900,-0.006330684158511903
2013-03-19,64.69000244140625,65.0,63.90999984741211,64.72000122070312,50.82075881958008,10231800,0.002475220977544401
2013-03-20,65.41000366210938,66.0999984741211,64.73999786376953,65.73999786376953,51.621700286865234,12407900,0.015637222981669058
2013-03-21,65.69999694824219,66.12000274658203,65.05999755859375,65.3499984741211,51.31546401977539,9215100,-0.005949982644413473
2013-03-22,65.69000244140625,66.05000305175781,65.5999984741211,65.91999816894531,51.76304626464844,8231600,0.008684352472954533
2013-03-25,66.19000244140625,66.19000244140625,65.27999877929688,65.66999816894531,51.56675338745117,9045800,-0.0037993514742745956
2013-03-26,65.98999786376953,66.69000244140625,65.87000274658203,66.62000274658203,52.312721252441406,9802400,0.014362427046861904
2013-03-27,66.16999816894531,66.73999786376953,65.76000213623047,66.68000030517578,52.359832763671875,6659800,0.0009001693873722716
2013-03-28,66.63999938964844,67.0,66.52999877929688,66.94000244140625,52.564002990722656,7899200,0.0038917846127028027
2013-04-01,66.69999694824219,66.83999633789062,65.61000061035156,66.0,51.82587814331055,8706400,-0.014141929104121787
2013-04-02,66.5,66.70999908447266,65.9000015258789,66.25,52.02218246459961,9208000,0.0037806109031787824
2013-04-03,66.5,66.6500015258789,65.94000244140625,65.97000122070312,51.80231475830078,10656000,-0.0042353787565223445
2013-04-04,65.9800033569336,66.30000305175781,65.33999633789062,65.80999755859375,51.67667770385742,7932700,-0.002428263228863839
2013-04-05,64.66999816894531,65.25,64.55000305175781,65.16000366210938,51.1662712097168,10245000,-0.009926021962895154
2013-04-08,65.13999938964844,65.86000061035156,65.08999633789062,65.86000061035156,51.715938568115234,5605800,0.010685473992652617
2013-04-09,66.0,66.19999694824219,65.31999969482422,65.95999908447266,51.79445266723633,12057800,0.0015170286430492485
2013-04-10,66.27999877929688,67.6500015258789,66.19000244140625,67.29000091552734,52.83882141113281,11095100,0.01996312237948788
2013-04-11,67.23999786376953,67.5999984741211,66.62000274658203,67.02999877929688,52.634666442871094,11181700,-0.0038712140344661665
2013-04-12,67.0199966430664,67.06999969482422,66.08999633789062,66.68000030517578,52.359832763671875,10766100,-0.005235213444202177
2013-04-15,66.2300033569336,66.66999816894531,65.43000030517578,65.48999786376953,51.42539596557617,9738200,-0.018007611690735403
2013-04-16,65.77999877929688,66.18000030517578,65.37999725341797,65.80999755859375,51.67667770385742,10073000,0.004874436117108971
2013-04-17,65.08000183105469,65.18000030517578,64.01000213623047,64.2300033569336,50.43600082397461,14208300,-0.024301349343833704
2013-04-18,64.98999786376953,65.58999633789062,63.25,63.63999938964844,49.97270202636719,15041400,-0.00922832528266337
2013-04-19,63.619998931884766,64.12000274658203,63.029998779296875,63.93000030517578,50.200416564941406,12205100,0.004546427904307273
2013-04-22,64.08999633789062,64.58999633789062,63.58000183105469,64.58000183105469,50.71083068847656,11160200,0.010116186060201524
2013-04-23,64.94999694824219,65.48999786376953,64.61000061035156,65.3499984741211,51.31546401977539,9919900,0.011852638802700708
2013-04-24,66.0,66.55999755859375,65.80999755859375,66.0,51.82587814331055,17846000,0.009897452941495079
2013-04-25,62.810001373291016,63.04999923706055,61.790000915527344,62.439998626708984,49.03041458129883,56907000,-0.05544879128076631
2013-04-26,62.5099983215332,62.68000030517578,61.470001220703125,61.52000045776367,48.30799865722656,28621800,-0.01484366067624777
2013-04-29,61.79999923706055,62.11000061035156,61.52000045776367,61.61000061035156,48.37866973876953,22797600,0.001461858088625661
2013-04-30,61.599998474121094,62.119998931884766,61.25,61.599998474121094,48.37082290649414,21041900,-0.00016220927010677618
2013-05-01,61.43000030517578,62.06999969482422,61.43000030517578,61.91999816894531,48.622093200683594,14881300,0.005181220781632272
2013-05-02,62.13999938964844,63.0099983215332,61.93000030517578,62.88999938964844,49.38377380371094,15142600,0.015543884508149343
2013-05-03,63.52000045776367,63.849998474121094,63.310001373291016,63.77000045776367,50.07477569580078,10548800,0.013895497451572014
2013-05-06,63.81999969482422,64.31999969482422,63.7400016784668,63.86000061035156,50.14545440673828,10558100,0.0014104681775856782
2013-05-07,63.810001373291016,64.22000122070312,63.529998779296875,63.970001220703125,50.231834411621094,9762800,0.0017211069799284307
2013-05-08,63.900001525878906,64.5,63.900001525878906,64.12000274658203,50.3496208190918,11134400,0.002342110899936149
2013-05-09,64.20999908447266,64.5,63.93000030517578,64.11000061035156,50.341758728027344,9502100,-0.00015616214845390114
2013-05-10,64.01000213623047,64.63999938964844,64.01000213623047,64.63999938964844,50.75794219970703,9430400,0.00823317613763214
2013-05-13,64.33999633789062,65.06999969482422,64.18000030517578,64.81999969482422,50.899288177490234,9940700,0.002780836510006101
2013-05-14,65.01000213623047,65.31999969482422,64.73999786376953,65.31999969482422,51.291900634765625,8986200,0.007683918615201213
2013-05-15,65.33000183105469,65.5999984741211,65.04000091552734,65.54000091552734,51.464664459228516,10591200,0.003362587822812088
2013-05-16,65.43000030517578,66.19999694824219,65.36000061035156,65.63999938964844,51.54318618774414,11532100,0.0015245778497792102
2013-05-17,66.22000122070312,66.66999816894531,65.56999969482422,66.61000061035156,52.304866790771484,11528400,0.014669398993041542
2013-05-20,66.30000305175781,66.5999984741211,66.01000213623047,66.0999984741211,51.904388427734375,10222500,-0.0076860799694728555
2013-05-21,65.68000030517578,66.20999908447266,65.5999984741211,65.76000213623047,51.637420654296875,11231000,-0.005156725913922542
2013-05-22,65.62999725341797,66.1500015258789,64.87999725341797,65.2300033569336,51.22122573852539,13391500,-0.0080926047883623
2013-05-23,64.58999633789062,64.93000030517578,63.630001068115234,63.90999984741211,50.184715270996094,19154200,-0.02044350768075803
2013-05-24,63.70000076293945,64.3499984741211,63.5099983215332,64.26000213623047,50.45955276489258,10522400,0.005461576350701471
2013-05-28,64.63999938964844,64.87999725341797,64.0199966430664,64.06999969482422,50.31035614013672,10913300,-0.002961136620924397
2013-05-29,63.779998779296875,64.30000305175781,63.5,64.11000061035156,50.341758728027344,13122300,0.0006239826942663187
2013-05-30,64.12999725341797,64.76000213623047,64.02999877929688,64.18000030517578,50.396732330322266,10866800,0.001091412173724848
2013-05-31,63.900001525878906,64.58000183105469,63.47999954223633,63.47999954223633,49.847076416015625,12413500,-0.010966491194180708
2013-06-03,63.369998931884766,63.66999816894531,62.689998626708984,63.22999954223633,49.92601776123047,13371100,0.0015824178319523848
2013-06-04,63.43000030517578,64.04000091552734,63.20000076293945,63.709999084472656,50.30503463745117,14394800,0.007562899395246643
2013-06-05,63.650001525878906,63.650001525878906,62.68000030517578,63.150001525878906,49.86286163330078,10345000,-0.008828694476732225
2013-06-06,63.34000015258789,63.81999969482422,62.529998779296875,62.970001220703125,49.72071838378906,10775900,-0.0028547546899161482
2013-06-07,62.900001525878906,63.11000061035156,61.41999816894531,62.099998474121094,49.03377914428711,29483700,-0.013912284230356063
2013-06-10,62.11000061035156,62.20000076293945,61.66999816894531,62.029998779296875,48.978511810302734,11084000,-0.0011277634530067534
2013-06-11,61.470001220703125,62.04999923706055,61.150001525878906,61.65999984741211,48.686363220214844,11794100,-0.00598269257791622
2013-06-12,61.970001220703125,61.970001220703125,61.0099983215332,61.11000061035156,48.2520751953125,14631700,-0.008960138775325827
2013-06-13,61.220001220703125,62.119998931884766,60.75,61.959999084472656,48.92323684692383,11578600,0.013813638667506688
2013-06-14,61.790000915527344,61.93000030517578,61.34000015258789,61.380001068115234,48.46528244018555,9871600,-0.009404759114767989
2013-06-17,61.61000061035156,62.349998474121094,61.4900016784668,62.06999969482422,49.01008987426758,13528500,0.011178477072119376
2013-06-18,62.290000915527344,62.72999954223633,62.0099983215332,62.380001068115234,49.25486755371094,11624400,0.0049820035980116546
2013-06-19,62.630001068115234,62.79999923706055,61.83000183105469,61.90999984741211,48.88376235961914,11231900,-0.007562913060434064
2013-06-20,61.400001525878906,61.86000061035156,60.66999816894531,60.91999816894531,48.10206985473633,14425500,-0.01612007474298237
2013-06-21,60.93000030517578,61.04999923706055,60.220001220703125,60.66999816894531,47.90465545654297,25052800,-0.004112517655176506
2013-06-24,60.0,60.209999084472656,59.459999084472656,59.880001068115234,47.28089141845703,17769700,-0.013106463905288888
2013-06-25,60.41999816894531,62.380001068115234,60.369998931884766,61.810001373291016,48.80480194091797,21204900,0.03172248149835699
2013-06-26,62.560001373291016,62.91999816894531,61.16999816894531,61.27000045776367,48.37841796875,22000700,-0.008774903908038683
2013-06-27,61.630001068115234,61.77000045776367,60.65999984741211,61.08000183105469,48.228397369384766,14249000,-0.0031057999258457653
2013-06-28,60.63999938964844,61.630001068115234,60.54999923706055,61.09000015258789,48.23630142211914,13533100,0.00016387451266799136
2013-07-01,61.4900016784668,61.61000061035156,60.900001525878906,60.959999084472656,48.13363265991211,7457400,-0.002130722658012274
2013-07-02,60.7400016784668,61.2400016784668,60.630001068115234,60.91999816894531,48.10206985473633,7922200,-0.0006559479586629261
2013-07-03,60.7400016784668,61.34000015258789,60.65999984741211,60.90999984741211,48.09416961669922,4380100,-0.00016425253415889256
2013-07-05,60.75,60.959999084472656,60.27000045776367,60.95000076293945,48.12575149536133,11158000,0.0006564519993621621
2013-07-08,60.75,60.939998626708984,59.83000183105469,59.9900016784668,47.36773681640625,17681600,-0.015876068907494104
2013-07-09,60.150001525878906,60.34000015258789,59.02000045776367,59.38999938964844,46.89398193359375,24848100,-0.010051988828599243
2013-07-10,59.22999954223633,60.650001525878906,59.20000076293945,60.439998626708984,47.723060607910156,19127100,0.017525381731182482
2013-07-11,61.150001525878906,61.369998931884766,60.810001373291016,61.29999923706055,48.4021110534668,13293700,0.014128697609421474
2013-07-12,61.349998474121094,62.02000045776367,61.290000915527344,62.02000045776367,48.97061538696289,11053300,0.011677002668154576
2013-07-15,61.38999938964844,61.65999984741211,60.849998474121094,61.279998779296875,48.386314392089844,14772100,-0.012003419002432065
2013-07-16,61.4900016784668,61.880001068115234,61.20000076293945,61.849998474121094,48.83639144897461,13334400,0.0092587481124427
2013-07-17,62.04999923706055,62.65999984741211,61.560001373291016,62.650001525878906,49.468055725097656,12761700,0.012851361010227904
2013-07-18,61.939998626708984,62.02000045776367,60.81999969482422,61.119998931884766,48.25998306274414,23681900,-0.024724413128607202
2013-07-19,61.220001220703125,61.56999969482422,61.09000015258789,61.459999084472656,48.528438568115234,14614700,0.005547279091105292
2013-07-22,61.68000030517578,62.209999084472656,61.4900016784668,62.209999084472656,49.120635986328125,12712900,0.012129243030010105
2013-07-23,62.27000045776367,62.75,62.209999084472656,62.29999923706055,49.19169235229492,9017900,0.0014455232530953635
2013-07-24,62.88999938964844,62.959999084472656,61.189998626708984,61.38999938964844,48.47317123413086,20129500,-0.014714280154625548
2013-07-25,63.4900016784668,64.44999694824219,62.88999938964844,63.41999816894531,50.07604217529297,24796700,0.03253221916480041
2013-07-26,62.91999816894531,64.80000305175781,62.83000183105469,64.61000061035156,51.01567459106445,18064400,0.01859023680364508
2013-07-29,64.47000122070312,64.9000015258789,64.16999816894531,64.23999786376953,50.723514556884766,9304700,-0.005743329384108768
2013-07-30,64.72000122070312,65.19000244140625,64.38999938964844,64.51000213623047,50.936702728271484,11528900,0.004194137876000143
2013-07-31,64.5999984741211,64.94999694824219,64.4000015258789,64.55999755859375,50.97618103027344,12417500,0.0007747460874556934
2013-08-01,64.77999877929688,65.4800033569336,64.30999755859375,65.2699966430664,51.53679275512695,11595600,0.010937490015388263
2013-08-02,64.88999938964844,66.76000213623047,64.88999938964844,66.75,52.70539093017578,19320500,0.022421769984696176
2013-08-05,65.41000366210938,66.38999938964844,65.33000183105469,66.25,52.310604095458984,13249800,-0.007518639315688791
2013-08-06,66.18000030517578,66.30000305175781,65.52999877929688,65.58999633789062,51.789459228515625,7952400,-0.01001246692854146
2013-08-07,65.2699966430664,65.83999633789062,65.0,65.20999908447266,51.489418029785156,9489900,-0.005810327354606984
2013-08-08,65.58999633789062,66.63999938964844,65.36000061035156,66.3499984741211,52.38956832885742,12876400,0.017331182407864562
2013-08-09,66.33999633789062,66.55000305175781,66.04000091552734,66.2699966430664,52.326385498046875,7891400,-0.0012067471320068156
2013-08-12,65.88999938964844,66.62000274658203,65.80000305175781,66.45999908447266,52.47642135620117,7244700,0.0028632050067461576
2013-08-13,66.7300033569336,67.44999694824219,66.52999877929688,67.25,53.10020065307617,12605200,0.011816755328501908
2013-08-14,67.08000183105469,67.22000122070312,66.62999725341797,66.95999908447266,52.87120819091797,9322600,-0.004321784924434246
2013-08-15,66.3499984741211,66.94999694824219,66.19999694824219,66.94999694824219,52.86330795288086,11462800,-0.00014943536585667808
2013-08-16,66.69000244140625,67.41999816894531,66.69000244140625,66.9000015258789,52.82383346557617,13888900,-0.0007470064685356233
2013-08-19,66.87999725341797,67.4000015258789,66.29000091552734,66.33000183105469,52.37376022338867,9063600,-0.008556773449604023
2013-08-20,66.52999877929688,67.13999938964844,66.30999755859375,66.70999908447266,52.67381286621094,9064900,0.005712715677630539
2013-08-21,66.30999755859375,67.0,66.19000244140625,66.56999969482422,52.563262939453125,8471500,-0.0021009699590397455
2013-08-22,66.69000244140625,67.16999816894531,66.63999938964844,67.12999725341797,53.00544357299805,6694200,0.008377164674170105
2013-08-23,67.01000213623047,67.33999633789062,66.5999984741211,67.1500015258789,53.021240234375,8374900,0.0002979752063647045
2013-08-26,67.02999877929688,67.23999786376953,66.80000305175781,66.94999694824219,52.86330795288086,10388700,-0.0029831056809858174
2013-08-27,66.30999755859375,66.6500015258789,65.91000366210938,66.0199966430664,52.128990173339844,9058400,-0.013988259450580085
2013-08-28,66.06999969482422,66.83999633789062,65.98999786376953,66.55999755859375,52.55537796020508,8511300,0.008146204680077188
2013-08-29,66.56999969482422,67.13999938964844,66.4000015258789,66.70999908447266,52.67381286621094,6551500,0.002250990529993699
2013-08-30,66.62999725341797,66.66000366210938,65.73999786376953,66.27999877929688,52.61030578613281,8441300,-0.001206394441883758
2013-09-03,66.91999816894531,67.73999786376953,66.5199966430664,66.75,52.98337173461914,11906500,0.007066095423521355
2013-09-04,66.81999969482422,67.51000213623047,66.80000305175781,67.27999877929688,53.4040641784668,7900100,0.007908727812134777
2013-09-05,67.33000183105469,67.95999908447266,67.23999786376953,67.83000183105469,53.840633392333984,8074600,0.008141598331202872
2013-09-06,67.9800033569336,68.44999694824219,67.37000274658203,68.0199966430664,53.991455078125,10267200,0.0027973451368770537
2013-09-09,68.0,69.37000274658203,68.0,69.30000305175781,55.007476806640625,13633400,0.018643323182988412
2013-09-10,69.38999938964844,70.37000274658203,69.38999938964844,70.08999633789062,55.6345329284668,14610700,0.01133498635995602
2013-09-11,68.29000091552734,68.5999984741211,67.48999786376953,68.08999633789062,54.0470085144043,21086500,-0.028949908373061595
2013-09-12,68.7300033569336,69.72000122070312,68.5,68.80999755859375,54.61851501464844,17294200,0.010518732181859712
2013-09-13,69.20999908447266,69.23999786376953,68.36000061035156,68.58000183105469,54.43595504760742,11713800,-0.003348054187418239
2013-09-16,69.0199966430664,69.05000305175781,67.97000122070312,68.08999633789062,54.0470085144043,12018800,-0.007170677994441436
2013-09-17,68.36000061035156,69.45999908447266,68.1500015258789,69.41999816894531,55.10271453857422,14140700,0.019344784699190983
2013-09-18,69.47000122070312,69.87000274658203,68.91000366210938,69.63999938964844,55.2773323059082,11062900,0.0031639398241568384
2013-09-19,69.70999908447266,70.04000091552734,69.41999816894531,69.45999908447266,55.13446044921875,12310200,-0.0025879832736442512
2013-09-20,69.5199966430664,69.88999938964844,69.0,69.05999755859375,54.81697082519531,18278300,-0.0057751045665905935
2013-09-23,70.0,70.2300033569336,68.87999725341797,68.9800033569336,54.75346374511719,13520800,-0.0011592011556516724
2013-09-24,68.72000122070312,68.91000366210938,68.13999938964844,68.51000213623047,54.38039779663086,8067600,-0.006836877141457513
2013-09-25,68.44000244140625,69.06999969482422,68.26000213623047,68.75,54.570892333984375,7053700,0.0034968788573610373
2013-09-26,69.08000183105469,69.3499984741211,68.69999694824219,68.87000274658203,54.66614532470703,4987100,0.0017439692050670904
2013-09-27,68.19000244140625,68.27999877929688,67.08000183105469,67.37999725341797,53.48344421386719,10850300,-0.021872450302649192
2013-09-30,66.94000244140625,67.58999633789062,66.55000305175781,67.31999969482422,53.43582534790039,8551800,-0.0008907443777062411
2013-10-01,67.4000015258789,67.87999725341797,67.16999816894531,67.48999786376953,53.57075119018555,6876700,0.0025218246981918405
2013-10-02,67.02999877929688,67.73999786376953,66.94999694824219,67.68000030517578,53.721580505371094,6106600,0.0028115600091661083
2013-10-03,67.72000122070312,67.72000122070312,66.69999694824219,67.11000061035156,53.26913070678711,6164200,-0.008457790224804789
2013-10-04,67.25,68.19000244140625,67.12999725341797,68.0199966430664,53.991455078125,7852400,0.013468792579487531
2013-10-07,66.38999938964844,67.6500015258789,66.30000305175781,67.19000244140625,53.33263397216797,12189800,-0.012277381291244694
2013-10-08,67.18000030517578,67.2300033569336,66.26000213623047,66.3499984741211,52.66587448120117,8077900,-0.012580710708337857
2013-10-09,66.55000305175781,66.58000183105469,65.47000122070312,65.70999908447266,52.15786361694336,11099600,-0.009692744234090186
2013-10-10,66.22000122070312,66.97000122070312,66.0,66.83999633789062,53.0548095703125,7416700,0.017050563515411406
2013-10-11,66.95999908447266,67.5999984741211,66.58999633789062,67.55000305175781,53.61838912963867,7119400,0.010566567983971162
2013-10-14,67.11000061035156,67.94000244140625,66.91999816894531,67.75,53.77714538574219,5548100,0.0029564799403921597
2013-10-15,68.0,68.69999694824219,67.80000305175781,68.16999816894531,54.11051940917969,7727500,0.006180040788055438
2013-10-16,68.5,69.0999984741211,68.38999938964844,68.87000274658203,54.66614532470703,8290300,0.010215991624157265
2013-10-17,68.29000091552734,68.76000213623047,67.8499984741211,68.69999694824219,54.53120040893555,7436700,-0.0024715799374017355
2013-10-18,68.47000122070312,68.97000122070312,68.22000122070312,68.4000015258789,54.2930793762207,8244700,-0.004376255247785865
2013-10-21,68.51000213623047,68.94999694824219,68.36000061035156,68.7699966430664,54.58677673339844,5636100,0.005394901867234977
2013-10-22,68.8499984741211,69.25,68.79000091552734,68.91999816894531,54.70582962036133,8090900,0.0021786091122450945
2013-10-23,68.26000213623047,68.5,66.91999816894531,67.04000091552734,53.21356964111328,13641800,-0.02765684589658886
2013-10-24,67.45999908447266,67.51000213623047,66.81999969482422,66.94000244140625,53.134193420410156,7021700,-0.001492767372964242
2013-10-25,67.19999694824219,68.2699966430664,67.0,68.2699966430664,54.18988800048828,10251700,0.019673657890715714
2013-10-28,68.38999938964844,68.62000274658203,67.95999908447266,68.54000091552734,54.40420150756836,7655100,0.003947061691638489
2013-10-29,68.7300033569336,69.38999938964844,68.5999984741211,68.93000030517578,54.713768005371094,8219900,0.0056739935631982185
2013-10-30,68.98999786376953,69.3499984741211,68.83000183105469,69.04000091552734,54.80108642578125,7184700,0.001594641007689075
2013-10-31,69.19000244140625,69.9800033569336,68.76000213623047,69.48999786376953,55.158287048339844,11205000,0.006496979161434326
2013-11-01,69.52999877929688,70.0,69.31999969482422,69.9000015258789,55.48373031616211,10847200,0.005882832112870714
2013-11-04,70.13999938964844,70.19000244140625,69.25,69.56999969482422,55.22178268432617,9294400,-0.004732341029764109
2013-11-05,69.25,69.55000305175781,68.86000061035156,69.01000213623047,54.777278900146484,8602600,-0.008081999924529433
2013-11-06,69.43000030517578,69.80999755859375,68.66999816894531,69.73999786376953,55.35670852661133,13386400,0.010522364370974563
2013-11-07,66.83000183105469,67.75,66.25,67.08999633789062,53.25325393676758,33825700,-0.038738944220068704
2013-11-08,67.41999816894531,68.04000091552734,67.05999755859375,67.44999694824219,53.53901290893555,14752500,0.005351691889944901
2013-11-11,67.30000305175781,67.91999816894531,67.18000030517578,67.62000274658203,53.673946380615234,10570000,0.002517112554621541
2013-11-12,67.54000091552734,68.56999969482422,67.54000091552734,68.51000213623047,54.38039779663086,9940700,0.013076040344107288
2013-11-13,68.98999786376953,70.02999877929688,68.55000305175781,70.02999877929688,55.5869140625,13677400,0.02194406066220643
2013-11-14,69.9800033569336,71.4800033569336,69.8499984741211,71.22000122070312,56.53148651123047,14855400,0.016849951345058605
2013-11-15,71.33999633789062,72.18000030517578,71.0999984741211,72.16999816894531,57.28554916381836,14220700,0.013250629507704049
2013-11-18,72.27999877929688,72.30000305175781,71.72000122070312,71.94000244140625,57.10297393798828,10955800,-0.0031921975372696527
2013-11-19,72.18000030517578,72.43000030517578,71.7300033569336,71.83999633789062,57.02360153198242,10544800,-0.0013909541835663201
2013-11-20,71.94999694824219,72.4000015258789,70.91000366210938,71.02999877929688,56.380653381347656,15105700,-0.011339169595137418
2013-11-21,70.4000015258789,71.80999755859375,70.4000015258789,71.70999908447266,56.92041015625,13592000,0.009527904528812279
2013-11-22,71.91000366210938,73.08999633789062,71.87000274658203,72.95999908447266,57.91261672973633,12561200,0.017281287330376406
2013-11-25,71.08999633789062,72.52999877929688,70.95999908447266,72.48999786376953,57.53956985473633,16549300,-0.006462383854532544
2013-11-26,72.69000244140625,73.6500015258789,72.58999633789062,73.6500015258789,58.460296630859375,16426800,0.015874951243992137
2013-11-27,73.23999786376953,73.58000183105469,72.80999755859375,73.55999755859375,58.66767883300781,7915200,0.003541125303908496
2013-11-29,73.5199966430664,73.88999938964844,73.26000213623047,73.58000183105469,58.68362045288086,6060000,0.0002716905576354412
2013-12-02,73.52999877929688,73.87000274658203,73.23999786376953,73.44000244140625,58.57196044921875,8851600,-0.0019045581720797127
2013-12-03,73.19000244140625,73.45999908447266,72.93000030517578,73.30999755859375,58.46827697753906,7944900,-0.0017717581762004898
2013-12-04,73.0199966430664,73.5,72.8499984741211,73.18000030517578,58.3646125793457,6507100,-0.0017745760768364653
2013-12-05,73.01000213623047,73.43000030517578,72.9000015258789,73.2300033569336,58.40448760986328,7728800,0.0006829723274898345
2013-12-06,73.5999984741211,73.97000122070312,73.0999984741211,73.76000213623047,58.827186584472656,6883800,0.007211375412778734
2013-12-09,73.87999725341797,74.19000244140625,72.94000244140625,73.37000274658203,58.516151428222656,8881800,-0.005301296008020307
2013-12-10,73.30000305175781,73.83999633789062,73.08999633789062,73.37999725341797,58.52411651611328,10720800,0.00013610850424078025
2013-12-11,74.0,74.11000061035156,72.95999908447266,73.01000213623047,58.22902297973633,10018000,-0.005055010358286082
2013-12-12,73.0,73.41999816894531,72.48999786376953,72.7300033569336,58.005714416503906,7509600,-0.0038423769516075144
2013-12-13,73.44999694824219,73.45999908447266,72.52999877929688,72.58000183105469,57.886070251464844,8723400,-0.0020647573576962524
2013-12-16,73.22000122070312,73.26000213623047,72.5,72.79000091552734,58.053558349609375,9029400,0.002889231519482082
2013-12-17,72.66000366210938,72.9800033569336,72.26000213623047,72.91999816894531,58.15724182128906,8615500,0.0017844038426503583
2013-12-18,72.69999694824219,73.20999908447266,71.68000030517578,73.18000030517578,58.3646125793457,9383500,0.00355934906896829
2013-12-19,73.1500015258789,73.30000305175781,72.12999725341797,72.43000030517578,57.766441345214844,8790300,-0.010301749687712365
2013-12-20,72.41000366210938,73.04000091552734,72.23999786376953,72.91000366210938,58.149269104003906,21662500,0.006605302235614562
2013-12-23,73.5199966430664,73.55999755859375,72.5199966430664,72.83999633789062,58.093441009521484,9168100,-0.0009605436542274488
2013-12-24,72.66999816894531,73.25,72.63999938964844,73.04000091552734,58.25294876098633,2597500,0.0027419475879696094
2013-12-26,73.05000305175781,73.68000030517578,73.05000305175781,73.4800033569336,58.60386276245117,4609200,0.00600589818774241
2013-12-27,73.75,74.0199966430664,73.66000366210938,73.80000305175781,58.85908126831055,5042300,0.004345522063740344
2013-12-30,73.66000366210938,73.9000015258789,73.5,73.56999969482422,58.67564392089844,5389900,-0.00312141787980426
2013-12-31,73.76000213623047,74.31999969482422,73.63999938964844,74.25,59.217979431152344,5725100,0.009200486345331365
2014-01-02,73.61000061035156,73.7699966430664,73.26000213623047,73.31999969482422,58.47624969482422,10110200,-0.012604518708089735
2014-01-03,73.33000183105469,73.4800033569336,72.44000244140625,72.88999938964844,58.13331985473633,7970400,-0.0058816927295145555
2014-01-06,73.08000183105469,73.19999694824219,72.55000305175781,72.69999694824219,57.981773376464844,7696200,-0.0026102819211876083
2014-01-07,72.80000305175781,73.30999755859375,72.5999984741211,73.23999786376953,58.4124641418457,5902700,0.007400585119304747
2014-01-08,73.1500015258789,73.68000030517578,72.68000030517578,73.68000030517578,58.763389587402344,8976900,0.0059897407796331535
2014-01-09,74.04000091552734,74.0999984741211,73.68000030517578,73.91000366210938,58.946815490722656,9067900,0.0031165700827157786
2014-01-10,74.11000061035156,74.5,73.16999816894531,73.87000274658203,58.91490173339844,8877600,-0.0005415457852778569
2014-01-13,73.77999877929688,74.2699966430664,72.83000183105469,73.22000122070312,58.39649963378906,8576300,-0.008838108965074544
2014-01-14,72.37000274658203,73.69999694824219,72.37000274658203,73.38999938964844,58.5320930480957,9924300,0.002319252664821264
2014-01-15,73.47000122070312,74.69000244140625,73.4000015258789,74.51000213623047,59.42534637451172,10000700,0.015145639071743855
2014-01-16,74.47000122070312,74.87999725341797,74.01000213623047,74.72000122070312,59.59284973144531,10263200,0.002814753928488504
2014-01-17,74.69999694824219,74.9800033569336,74.43000030517578,74.7300033569336,59.60081100463867,12272700,0.00013358551379392673
2014-01-21,75.0,75.56999969482422,74.86000061035156,75.45999908447266,60.18301010131836,8806800,0.009720906812326612
2014-01-22,75.5,75.86000061035156,75.12000274658203,75.77999877929688,60.43824005126953,7242400,0.004231929789195505
2014-01-23,75.48999786376953,75.9000015258789,75.16000366210938,75.87000274658203,60.510005950927734,8078300,0.001186720939785411
2014-01-24,75.29000091552734,75.44000244140625,74.05999755859375,74.08000183105469,59.082401275634766,11916500,-0.023875637667320707
2014-01-27,74.01000213623047,74.36000061035156,72.73999786376953,73.19999694824219,58.380558013916016,12580700,-0.01195017762660148
2014-01-28,72.0,73.13999938964844,71.75,71.98999786376953,57.41551208496094,18188900,-0.016668411488079765
2014-01-29,71.4000015258789,72.08000183105469,70.9800033569336,71.12000274658203,56.721649169921875,16625000,-0.012158554763906208
2014-01-30,72.6500015258789,73.4000015258789,71.97000122070312,73.26000213623047,58.42842102050781,17741800,0.02964647532853413
2014-01-31,72.68000030517578,74.48999786376953,72.62000274658203,74.22000122070312,59.19404983520508,15420700,0.013018594535045492
2014-02-03,73.66999816894531,73.94999694824219,72.93000030517578,73.31999969482422,58.47624969482422,15929600,-0.012200343618425489
2014-02-04,73.4000015258789,73.44999694824219,72.27999877929688,72.51000213623047,57.83024978637695,11704500,-0.011108692197106066
2014-02-05,72.0999984741211,72.66000366210938,72.02999877929688,72.37000274658203,57.71860122680664,10481600,-0.001932491640332343
2014-02-06,72.73999786376953,73.33000183105469,72.31999969482422,73.23999786376953,58.4124641418457,8178700,0.011949794306041065
2014-02-07,73.4000015258789,74.47000122070312,73.19999694824219,74.41000366210938,59.3455810546875,8891200,0.015848368443584292
2014-02-10,74.19999694824219,74.7300033569336,73.88999938964844,74.69000244140625,59.56890106201172,7598300,0.003755981035911222
2014-02-11,74.80999755859375,75.7300033569336,74.52999877929688,75.62000274658203,60.310630798339844,8934900,0.012374743046564756
2014-02-12,75.66000366210938,76.6500015258789,75.66000366210938,76.41999816894531,60.94869613647461,11498600,0.010524076677538987
2014-02-13,76.0,76.75,76.0,76.44000244140625,60.964630126953125,9047200,0.00026139866834262834
2014-02-14,76.01000213623047,76.41999816894531,75.81999969482422,76.27999877929688,60.83700942993164,8325500,-0.0020955505063451714
2014-02-18,76.25,76.25,75.52999877929688,75.5999984741211,60.29465866088867,8850100,-0.008954791125520471
2014-02-19,75.37000274658203,75.98999786376953,75.11000061035156,75.7699966430664,60.43025588989258,8527600,0.002246384460570457
2014-02-20,75.95999908447266,76.19999694824219,75.68000030517578,75.94999694824219,60.573822021484375,7194200,0.0023729150526988316
2014-02-21,76.18000030517578,76.55000305175781,75.56999969482422,75.61000061035156,60.302650451660156,8725000,-0.004486762712207975
2014-02-24,75.97000122070312,75.98999786376953,75.38999938964844,75.43000030517578,60.159095764160156,9191900,-0.0023834081767271005
2014-02-25,75.62000274658203,75.87999725341797,74.73999786376953,74.91000366210938,59.7443733215332,6974800,-0.006917632986264773
2014-02-26,75.1500015258789,75.5,74.9000015258789,75.05000305175781,59.85603713989258,5545900,0.0018672820665718026
2014-02-27,74.88999938964844,75.26000213623047,74.5,75.19000244140625,59.96767044067383,9465100,0.0018632929214635132
2014-02-28,75.41000366210938,75.43000030517578,74.8499984741211,75.29000091552734,60.04744338989258,9451900,0.001329381915675108
2014-03-03,74.62000274658203,74.63999938964844,73.04000091552734,73.62999725341797,58.99774932861328,11401400,-0.017635676724666684
2014-03-04,75.5,76.79000091552734,75.3499984741211,76.11000061035156,60.98493194580078,13513600,0.03312752017211407
2014-03-05,76.44000244140625,76.95999908447266,75.79000091552734,76.66999816894531,61.43364715576172,6774600,0.007330867958268262
2014-03-06,77.0,77.18000030517578,76.54000091552734,77.0,61.698062896728516,7747100,0.0042948505677264945
2014-03-07,77.0999984741211,77.19999694824219,76.44000244140625,76.79000091552734,61.52978515625,7276900,-0.0027311658482997987
2014-03-10,76.79000091552734,77.06999969482422,76.55000305175781,77.06999969482422,61.754154205322266,7704100,0.003639878770113128
2014-03-11,77.08999633789062,77.19999694824219,76.58000183105469,76.70999908447266,61.46569061279297,8272900,-0.004682104898482309
2014-03-12,76.58999633789062,77.13999938964844,76.30999755859375,76.97000122070312,61.67402267456055,6897300,0.0033836729837391014
2014-03-13,77.0,77.12000274658203,75.38999938964844,75.62999725341797,60.600311279296875,8956100,-0.017562786226491
2014-03-14,75.2300033569336,75.91000366210938,74.5,74.73999786376953,59.887184143066406,10508000,-0.01183750166010271
2014-03-17,75.72000122070312,77.30999755859375,75.52999877929688,77.0199966430664,61.714088439941406,13851500,0.03004971458463007
2014-03-18,77.19000244140625,77.75,76.9000015258789,77.44999694824219,62.058616638183594,7932100,0.005567125447426869
2014-03-19,77.22000122070312,77.56999969482422,76.41999816894531,76.80999755859375,61.54581832885742,7808200,-0.008297457151041732
2014-03-20,76.77999877929688,78.37000274658203,76.69999694824219,78.0999984741211,62.57944869995117,10264100,0.016655017772292648
2014-03-21,79.02999877929688,79.02999877929688,77.51000213623047,78.19000244140625,62.65155792236328,27473300,0.0011516194323824668
2014-03-24,78.44000244140625,78.69999694824219,77.30999755859375,77.73999786376953,62.29099655151367,11314000,-0.0057716503922008175
2014-03-25,78.12999725341797,78.76000213623047,77.98999786376953,78.55999755859375,62.94804382324219,8131800,0.010492787202496641
2014-03-26,78.81999969482422,79.62000274658203,78.30999755859375,78.30999755859375,62.74771499633789,14202600,-0.003187521972137531
2014-03-27,78.41999816894531,79.72000122070312,78.30999755859375,79.05000305175781,63.34067153930664,10373200,0.00940548024260427
2014-03-28,79.5,79.5,78.0999984741211,79.27999877929688,63.52495574951172,8550900,0.0029051894316604455
2014-03-31,79.48999786376953,79.61000061035156,78.80999755859375,78.86000061035156,63.188419342041016,7769900,-0.005311786518361448
2014-04-01,79.41999816894531,80.16000366210938,78.98999786376953,80.0999984741211,64.1820068359375,10588800,0.015601857956896318
2014-04-02,79.9800033569336,80.26000213623047,79.75,80.13999938964844,64.21403503417969,7410400,0.0004988969821811309
2014-04-03,80.20999908447266,81.30000305175781,80.20999908447266,80.55000305175781,64.54255676269531,8723900,0.005102999960458818
2014-04-04,81.08999633789062,81.36000061035156,78.45999908447266,78.52999877929688,62.92401885986328,11250700,-0.025396852318627438
2014-04-07,78.0,79.26000213623047,77.5999984741211,78.08000183105469,62.56343078613281,10082600,-0.005747014019503037
2014-04-08,77.70999908447266,78.94000244140625,77.4800033569336,78.88999938964844,63.21245193481445,9079100,0.010320371365923002
2014-04-09,79.26000213623047,79.94000244140625,78.8499984741211,79.93000030517578,64.04576873779297,8468500,0.013096658268291412
2014-04-10,80.0999984741211,80.30000305175781,77.8499984741211,78.06999969482422,62.555419921875,10322000,-0.02354508170987584
2014-04-11,77.52999877929688,78.91999816894531,77.52999877929688,78.01000213623047,62.50733947753906,9288900,-0.0007689011011052199
2014-04-14,78.69999694824219,79.19999694824219,78.02999877929688,79.13999938964844,63.41276931762695,8170500,0.014381268470104269
2014-04-15,78.98999786376953,79.94000244140625,78.5,79.48999786376953,63.6932487487793,8785700,0.004413321897264352
2014-04-16,79.98999786376953,80.27999877929688,79.41999816894531,80.18000030517578,64.24610137939453,7286100,0.008642471158565552
2014-04-17,80.13999938964844,81.33999633789062,80.04000091552734,81.31999969482422,65.1595687866211,10566100,0.014118122935480216
2014-04-21,81.19000244140625,81.66000366210938,80.55999755859375,80.93000030517578,64.8470687866211,5963900,-0.004807456106834378
2014-04-22,81.16999816894531,81.33999633789062,80.58000183105469,80.61000061035156,64.59066009521484,8098800,-0.0039618900766568745
2014-04-23,81.0,81.0,80.16000366210938,80.70999908447266,64.67078399658203,13593900,0.0012397186522559503
2014-04-24,77.5,78.62000274658203,76.7699966430664,77.87000274658203,62.39516067504883,22779700,-0.035821819335107793
2014-04-25,77.58999633789062,77.87999725341797,77.33000183105469,77.61000061035156,62.18682861328125,10507700,-0.003344500391305804
2014-04-28,78.0,78.5999984741211,77.37000274658203,78.05000305175781,62.53938293457031,12603300,0.005653266556661494
2014-04-29,78.63999938964844,79.01000213623047,78.2300033569336,78.5199966430664,62.915977478027344,8034000,0.006003660160558415
2014-04-30,78.55999755859375,78.86000061035156,78.13999938964844,78.70999908447266,63.068233489990234,9443100,0.002417066153273488
2014-05-01,78.52999877929688,79.48999786376953,78.52999877929688,78.98999786376953,63.29258346557617,7017800,0.0035509458822913305
2014-05-02,79.30000305175781,79.30000305175781,78.5,78.98999786376953,63.29258346557617,6063000,0.0
2014-05-05,78.76000213623047,79.91999816894531,78.51000213623047,79.55999755859375,63.749305725097656,7525600,0.007190135947553562
2014-05-06,79.2300033569336,79.62999725341797,78.75,79.30999755859375,63.548988342285156,8169500,-0.0031472149666218426
2014-05-07,79.72000122070312,79.93000030517578,78.43000030517578,79.33000183105469,63.56501388549805,8794700,0.00025214442180932997
2014-05-08,79.33999633789062,80.08999633789062,78.95999908447266,79.5,63.70124816894531,7434600,0.0021409340273688764
2014-05-09,79.94000244140625,79.94000244140625,78.58000183105469,79.5,63.70124816894531,5965900,0.0
2014-05-12,79.72000122070312,80.12000274658203,79.62000274658203,79.97000122070312,64.07783508300781,6632100,0.005894360717049597
2014-05-13,79.91999816894531,80.38999938964844,79.77999877929688,80.37000274658203,64.39834594726562,5854300,0.004989431139661543
2014-05-14,79.83000183105469,80.98999786376953,79.83000183105469,80.41000366210938,64.4303970336914,8228200,0.0004975766485868452
2014-05-15,80.33999633789062,80.80999755859375,79.18000030517578,79.77999877929688,63.92559051513672,10423100,-0.0078657666214475
2014-05-16,79.69999694824219,79.7699966430664,78.76000213623047,79.41999816894531,63.63713073730469,8376800,-0.00452264214319667
2014-05-19,79.22000122070312,79.98999786376953,79.19999694824219,79.80999755859375,63.94962692260742,5427200,0.004898577500108025
2014-05-20,79.94999694824219,80.3499984741211,79.5199966430664,79.86000061035156,63.98969650268555,8434000,0.000626384137659589
2014-05-21,79.16999816894531,79.9800033569336,79.12000274658203,79.66999816894531,63.83747482299805,7671500,-0.002381680671864096
2014-05-22,79.4800033569336,79.91999816894531,79.43000030517578,79.55999755859375,63.749305725097656,6303800,-0.0013821041891137384
2014-05-23,79.9800033569336,79.98999786376953,79.48999786376953,79.87999725341797,64.00572204589844,4580600,0.004014192937741108
2014-05-27,79.93000030517578,80.5,79.9000015258789,80.45999908447266,64.470458984375,8079500,0.007234632315062468
2014-05-28,80.19999694824219,80.73999786376953,80.16000366210938,80.22000122070312,64.27815246582031,7659100,-0.00298732016449459
2014-05-29,80.58000183105469,80.58000183105469,79.87999725341797,80.19000244140625,64.25411224365234,9704000,-0.00037407296140991916
2014-05-30,80.33000183105469,80.52999877929688,79.91999816894531,80.44999694824219,64.46243286132812,7337000,0.0032368923419330785
2014-06-02,80.66000366210938,80.79000091552734,80.04000091552734,80.4800033569336,64.82493591308594,7238400,0.005607724948700325
2014-06-03,80.18000030517578,80.68000030517578,79.95999908447266,80.4000015258789,64.76046752929688,7554500,-0.0009949946119733161
2014-06-04,80.31999969482422,80.38999938964844,79.69999694824219,79.91999816894531,64.37384796142578,6658500,-0.0059878851191611975
2014-06-05,79.83000183105469,79.93000030517578,79.1500015258789,79.66000366210938,64.16442108154297,9176200,-0.0032585947633747975
2014-06-06,80.19999694824219,80.5,79.80000305175781,80.37999725341797,64.74436950683594,6387900,0.008997871059695548
2014-06-09,80.27999877929688,80.47000122070312,79.69999694824219,79.94999694824219,64.39801788330078,5181500,-0.005363884948214081
2014-06-10,79.95999908447266,79.95999908447266,79.13999938964844,79.18000030517578,63.77778244018555,8582900,-0.009677962339734935
2014-06-11,79.0,79.5,78.44000244140625,79.20999908447266,63.80194854736328,7404600,0.0003788392917854802
2014-06-12,79.12999725341797,79.76000213623047,78.80999755859375,79.33999633789062,63.906673431396484,7524900,0.0016400600975035589
2014-06-13,79.45999908447266,79.81999969482422,78.93000030517578,79.11000061035156,63.72141647338867,7440200,-0.002903077030392338
2014-06-16,78.83000183105469,79.38999938964844,78.44999694824219,78.6500015258789,63.35089874267578,10423700,-0.0058316208392585455
2014-06-17,78.43000030517578,79.41999816894531,78.4000015258789,79.16000366210938,63.761680603027344,6840400,0.006463298793448453
2014-06-18,79.68000030517578,79.68000030517578,78.62999725341797,79.19000244140625,63.78584671020508,7340100,0.0003789349425418724
2014-06-19,79.30000305175781,79.80000305175781,79.19000244140625,79.75,64.2369155883789,6781300,0.007046727263344162
2014-06-20,79.9800033569336,79.98999786376953,79.44000244140625,79.86000061035156,64.32553100585938,11878200,0.0013785585738588459
2014-06-23,79.62999725341797,79.98999786376953,79.31999969482422,79.43000030517578,63.97917175292969,6145700,-0.005399024148463971
2014-06-24,79.30999755859375,79.87000274658203,78.68000030517578,78.77999877929688,63.45559310913086,10652000,-0.008217248888142448
2014-06-25,78.5,78.55000305175781,77.91000366210938,78.05000305175781,62.86759948730469,10701100,-0.009309420642221565
2014-06-26,78.4000015258789,79.12999725341797,78.08000183105469,78.7699966430664,63.447547912597656,7556200,0.009182627932770806
2014-06-27,78.56999969482422,79.04000091552734,78.18000030517578,78.98999786376953,63.624752044677734,7732900,0.002789030292324061
2014-06-30,79.1500015258789,79.38999938964844,78.6500015258789,79.19999694824219,63.793914794921875,6562000,0.002655228685504495
2014-07-01,79.3499984741211,79.81999969482422,78.93000030517578,79.7300033569336,64.22080993652344,5872300,0.006669494074692841
2014-07-02,79.80999755859375,80.43000030517578,79.69999694824219,80.16999816894531,64.5751953125,5440100,0.005503063074552914
2014-07-03,80.5,81.27999877929688,80.08999633789062,80.98999786376953,65.2357177734375,5735700,0.010176773984627845
2014-07-07,80.66999816894531,80.94999694824219,80.20999908447266,80.81999969482422,65.09876251220703,5873900,-0.002101597541003371
2014-07-08,80.62999725341797,80.86000061035156,80.41999816894531,80.6500015258789,64.96183776855469,7787900,-0.002105553779439889
2014-07-09,81.11000061035156,81.11000061035156,80.37999725341797,80.7699966430664,65.05851745605469,5071200,0.0014871472263109343
2014-07-10,79.93000030517578,80.68000030517578,79.80000305175781,80.43000030517578,64.78463745117188,5090200,-0.004218634571263425
2014-07-11,79.9000015258789,80.19999694824219,79.1500015258789,79.5999984741211,64.11610412597656,8623300,-0.010372932093224691
2014-07-14,79.44000244140625,79.77999877929688,79.37999725341797,79.5199966430664,64.0516586303711,7609800,-0.001005642911302483
2014-07-15,79.38999938964844,79.91000366210938,79.1500015258789,79.44000244140625,63.98722839355469,5984000,-0.0010064167809062117
2014-07-16,79.72000122070312,79.94000244140625,79.58000183105469,79.62000274658203,64.13219451904297,6266900,0.002262985331313929
2014-07-17,79.11000061035156,79.20999908447266,77.87999725341797,78.11000061035156,62.915931701660156,12569900,-0.019147074596482887
2014-07-18,78.55000305175781,79.43000030517578,78.25,79.38999938964844,63.94694519042969,8373000,0.01625434033526531
2014-07-21,79.41000366210938,79.97000122070312,79.11000061035156,79.66999816894531,64.1724853515625,7654300,0.0035207835870026943
2014-07-22,80.08999633789062,81.87000274658203,79.98999786376953,81.52999877929688,65.67066192626953,10753200,0.023077737983858516
2014-07-23,81.88999938964844,81.97000122070312,81.41999816894531,81.5999984741211,65.72703552246094,10326300,0.0008580606927643113
2014-07-24,77.5999984741211,77.62999725341797,75.66000366210938,76.16999816894531,61.35329055786133,37728500,-0.06886153488513645
2014-07-25,76.0,76.58000183105469,75.81999969482422,76.0999984741211,61.29691696166992,13574800,-0.0009192581292980998
2014-07-28,76.0999984741211,76.25,75.52999877929688,75.83000183105469,61.079437255859375,10938900,-0.003554280337098894
2014-07-29,75.6500015258789,75.94999694824219,75.26000213623047,75.30999755859375,60.66060256958008,11324900,-0.0068808313088316525
2014-07-30,75.68000030517578,76.2300033569336,75.1500015258789,76.04000091552734,61.248600006103516,10726100,0.009646556352099277
2014-07-31,75.38999938964844,75.5999984741211,73.6500015258789,73.72000122070312,59.37986373901367,15257100,-0.0309858175160561
2014-08-01,73.66999816894531,73.8499984741211,71.81999969482422,72.55000305175781,58.437477111816406,15202500,-0.015997759224968926
2014-08-04,72.87000274658203,73.47000122070312,72.83000183105469,73.26000213623047,59.00935745239258,13114200,0.009738616838560856
2014-08-05,73.19999694824219,73.3499984741211,72.55999755859375,72.75,58.59855651855469,10306400,-0.006985968727532473
2014-08-06,72.41999816894531,73.1500015258789,72.16000366210938,72.88999938964844,58.71133041381836,7324400,0.0019226670991361798
2014-08-07,73.27999877929688,73.3499984741211,72.33999633789062,72.48999786376953,58.389156341552734,9402400,-0.005502537078856589
2014-08-08,72.72000122070312,73.95999908447266,72.5,73.87999725341797,59.50874710083008,9140700,0.018993118333958003
2014-08-11,74.19999694824219,74.9800033569336,73.91999816894531,74.7300033569336,60.19340896606445,8818500,0.011439548862597624
2014-08-12,74.86000061035156,74.93000030517578,73.9000015258789,74.13999938964844,59.71818161010742,7790000,-0.007926337091456227
2014-08-13,74.58000183105469,74.6500015258789,74.04000091552734,74.5,60.008148193359375,7047800,0.004843832608549576
2014-08-14,74.76000213623047,74.98999786376953,74.5999984741211,74.76000213623047,60.21758270263672,6482100,0.0034840249182429596
2014-08-15,75.12999725341797,75.12999725341797,73.98999786376953,74.41000366210938,59.93566131591797,9794400,-0.004692705659044697
2014-08-18,74.83000183105469,75.0999984741211,74.61000061035156,75.02999877929688,60.43505859375,5180200,0.008297701360801098
2014-08-19,75.05000305175781,75.22000122070312,74.91000366210938,75.12999725341797,60.51559066772461,7903300,0.0013316519814808847
2014-08-20,74.55000305175781,76.63999938964844,74.55000305175781,76.44000244140625,61.57078170776367,12123300,0.017286406261042435
2014-08-21,76.61000061035156,77.30999755859375,76.44999694824219,76.7699966430664,61.83660125732422,8646500,0.004308007418747428
2014-08-22,76.70999908447266,77.22000122070312,76.70999908447266,76.81999969482422,61.876869201660156,5082400,0.000650987246718088
2014-08-25,77.16999816894531,77.30000305175781,76.33999633789062,76.58999633789062,61.691593170166016,4752000,-0.0029987614441445726
2014-08-26,76.81999969482422,77.0999984741211,76.26000213623047,77.01000213623047,62.0299072265625,6754000,0.005468975053652164
2014-08-27,77.1500015258789,77.19000244140625,76.48999786376953,76.97000122070312,61.99768829345703,7846200,-0.0005195446012656909
2014-08-28,76.69000244140625,76.9000015258789,76.30999755859375,76.33999633789062,61.49021530151367,5243100,-0.008219037394360442
2014-08-29,76.5999984741211,76.5999984741211,75.76000213623047,76.0999984741211,61.63602828979492,6483700,0.0023685130349795805
2014-09-02,75.91999816894531,76.08000183105469,74.75,75.05999755859375,60.793670654296875,9821500,-0.013760891928598909
2014-09-03,75.47000122070312,75.72000122070312,74.81999969482422,74.88999938964844,60.65599822998047,9791200,-0.0022671528798825797
2014-09-04,75.22000122070312,75.55000305175781,74.62000274658203,75.11000061035156,60.83418655395508,8412100,0.0029333802078447147
2014-09-05,75.0,75.8499984741211,74.88999938964844,75.80999755859375,61.40113830566406,8471600,0.009276464360898195
2014-09-08,75.48999786376953,76.23999786376953,75.48999786376953,75.9000015258789,61.474029541015625,6281400,0.0011864275781534447
2014-09-09,75.9000015258789,76.11000061035156,75.51000213623047,75.83999633789062,61.425437927246094,6266100,-0.0007907538950740391
2014-09-10,75.80000305175781,76.25,75.76000213623047,75.93000030517578,61.498329162597656,6523400,0.0011859585110459024
2014-09-11,75.58000183105469,76.12000274658203,75.19999694824219,76.11000061035156,61.644126892089844,6898700,0.0023679533816330024
2014-09-12,75.80000305175781,75.86000061035156,75.20999908447266,75.33000183105469,61.012367248535156,8309300,-0.010301374333963866
2014-09-15,75.5,75.58000183105469,74.98999786376953,75.08000183105469,60.80990219116211,6637300,-0.0033239447059607644
2014-09-16,75.08000183105469,75.97000122070312,74.9000015258789,75.70999908447266,61.32012939453125,7519800,0.008355523456281825
2014-09-17,75.66000366210938,76.16999816894531,75.27999877929688,75.83000183105469,61.41733932495117,7212700,0.001584030561495503
2014-09-18,75.91000366210938,76.44999694824219,75.83000183105469,76.44000244140625,61.91141128540039,7274000,0.008012318314631011
2014-09-19,77.0,77.0,75.38999938964844,75.52999877929688,61.17435073852539,15396000,-0.011976516940346418
2014-09-22,75.48999786376953,76.33999633789062,75.27999877929688,76.29000091552734,61.78990173339844,10447100,0.010011952650489164
2014-09-23,76.2300033569336,76.56999969482422,75.80999755859375,75.83000183105469,61.41733932495117,8788800,-0.0060477540247738165
2014-09-24,75.6500015258789,76.23999786376953,75.41999816894531,76.23999786376953,61.74941635131836,6097800,0.005392328947849889
2014-09-25,76.02999877929688,76.16999816894531,74.72000122070312,74.80999755859375,60.5911979675293,7452200,-0.018934889197730637
2014-09-26,74.58999633789062,75.12999725341797,74.16999816894531,75.05999755859375,60.793670654296875,6816400,0.003336048007409134
2014-09-29,74.62999725341797,75.08000183105469,74.16000366210938,74.81999969482422,60.59931945800781,6630800,-0.0032020195262508705
2014-09-30,74.72000122070312,75.08999633789062,74.11000061035156,74.7699966430664,60.55880355834961,8894400,-0.0006688103143193551
2014-10-01,74.63999938964844,74.80999755859375,73.83999633789062,73.87999725341797,59.83795928955078,9098800,-0.011974622328876455
2014-10-02,74.13999938964844,74.13999938964844,73.16000366210938,73.66000366210938,59.6598014831543,7489200,-0.0029817786918281764
2014-10-03,73.87999725341797,75.19999694824219,73.87000274658203,74.86000061035156,60.63169860839844,7978400,0.016159384052155074
2014-10-06,75.0,75.33999633789062,74.30999755859375,74.72000122070312,60.51830291748047,6217300,-0.001871988817243512
2014-10-07,74.2300033569336,74.43000030517578,73.4800033569336,73.51000213623047,59.53827667236328,8242000,-0.016326435708997493
2014-10-08,73.44000244140625,75.44000244140625,73.22000122070312,75.19000244140625,60.89897155761719,9851600,0.02259687604058567
2014-10-09,75.22000122070312,75.30000305175781,73.94999694824219,74.08000183105469,59.99995040893555,9914600,-0.014872551473790975
2014-10-10,73.5199966430664,73.94000244140625,71.19999694824219,71.22000122070312,57.68354415893555,17357100,-0.03937179941847859
2014-10-13,71.18000030517578,72.5,70.25,70.70999908447266,57.2704963684082,10742600,-0.007186342754626786
2014-10-14,71.75,72.69999694824219,71.33000183105469,71.86000061035156,58.201908111572266,10488400,0.016132546091253055
2014-10-15,71.0999984741211,72.62999725341797,70.2699966430664,71.19999694824219,57.66733932495117,14883500,-0.009227169265998442
2014-10-16,69.83999633789062,71.88999938964844,69.36000061035156,71.13999938964844,57.618743896484375,11997100,-0.0008430407207362818
2014-10-17,72.05000305175781,72.87999725341797,71.54000091552734,72.43000030517578,58.66355895996094,8467100,0.017970803058137415
2014-10-20,72.05000305175781,73.30000305175781,72.0,73.2699966430664,59.343894958496094,6492300,0.011530518007884709
2014-10-21,73.93000030517578,75.11000061035156,73.83000183105469,75.0,60.74509811401367,8733300,0.02333713878237682
2014-10-22,75.01000213623047,75.0999984741211,74.25,74.30000305175781,60.17813491821289,7127900,-0.009377310483472184
2014-10-23,75.0,75.4000015258789,74.73999786376953,75.13999938964844,60.858489990234375,9750000,0.01124225395846847
2014-10-24,75.41999816894531,76.01000213623047,74.91000366210938,76.0,61.55500411987305,6238500,0.011379818070699176
2014-10-27,75.86000061035156,76.02999877929688,75.2699966430664,75.83999633789062,61.425437927246094,4761500,-0.0021071031850014277
2014-10-28,76.19000244140625,76.62000274658203,75.98999786376953,76.56999969482422,62.01667404174805,6314800,0.009579237200948153
2014-10-29,76.5,77.37999725341797,76.30999755859375,76.88999938964844,62.27586364746094,5389600,0.004170644291809901
2014-10-30,76.6500015258789,77.58999633789062,76.52999877929688,77.37000274658203,62.664642333984375,5314200,0.006223441121698062
2014-10-31,78.52999877929688,78.52999877929688,77.69000244140625,78.51000213623047,63.587989807128906,10144500,0.014627242544119087
2014-11-03,78.30999755859375,78.52999877929688,77.95999908447266,78.23999786376953,63.369266510009766,8732700,-0.0034456244544062127
2014-11-04,77.48999786376953,77.72000122070312,76.4000015258789,77.11000061035156,62.454063415527344,15347400,-0.014547687392053517
2014-11-05,77.45999908447266,77.47000122070312,76.41999816894531,77.19999694824219,62.52693557739258,13811400,0.0011661319834286997
2014-11-06,71.02999877929688,71.06999969482422,67.66999816894531,70.58000183105469,57.1651725769043,70919700,-0.0896525912247006
2014-11-07,70.69999694824219,70.69999694824219,69.12999725341797,69.26000213623047,56.0960693359375,24945900,-0.018879097154462815
2014-11-10,68.91000366210938,70.02999877929688,68.48999786376953,69.36000061035156,56.177066802978516,14453300,0.0014428648540271056
2014-11-11,69.70999908447266,69.8499984741211,69.02999877929688,69.63999938964844,56.40383529663086,10042000,0.0040285482903825946
2014-11-12,69.62000274658203,70.44999694824219,69.29000091552734,70.29000091552734,56.930301666259766,9460500,0.009290583941577538
2014-11-13,70.20999908447266,70.83000183105469,70.19000244140625,70.6500015258789,57.221885681152344,9833100,0.005108700163079388
2014-11-14,71.01000213623047,71.20999908447266,70.55000305175781,70.8499984741211,57.38386154174805,7454800,0.002826663974014794
2014-11-17,70.62000274658203,70.83999633789062,70.19000244140625,70.4000015258789,57.01938247680664,7350700,-0.006371852498359963
2014-11-18,70.23999786376953,72.05999755859375,70.23999786376953,72.01000213623047,58.323387145996094,10986100,0.022611911163327243
2014-11-19,71.58999633789062,71.83999633789062,70.36000061035156,70.47000122070312,57.076080322265625,11115500,-0.021618044295441848
2014-11-20,70.11000061035156,70.83999633789062,69.5999984741211,70.70999908447266,57.2704963684082,12030300,0.0034004731774011213
2014-11-21,71.0999984741211,71.81999969482422,70.69000244140625,71.47000122070312,57.88602066040039,15146200,0.01069032252553642
2014-11-24,71.69999694824219,71.94000244140625,71.18000030517578,71.69000244140625,58.064208984375,9413800,0.0030735336151284857
2014-11-25,71.7300033569336,72.27999877929688,71.61000061035156,72.2699966430664,58.533966064453125,12488600,0.008057752560075898
2014-11-26,71.66000366210938,72.3499984741211,71.62000274658203,72.26000213623047,58.86798095703125,6997000,0.0056901235842473415
2014-11-28,72.51000213623047,73.0,72.06999969482422,72.9000015258789,59.389381408691406,5817900,0.008818120409036569
2014-12-01,72.45999908447266,72.66000366210938,71.29000091552734,71.79000091552734,58.485103607177734,9474300,-0.015343363606733764
2014-12-02,71.80999755859375,73.48999786376953,71.3499984741211,73.31999969482422,59.73153305053711,17181800,0.021087990137454986
2014-12-03,73.62999725341797,74.83999633789062,73.44000244140625,74.37000274658203,60.58692932128906,13143700,0.01421910928815124
2014-12-04,74.23999786376953,74.33999633789062,72.93000030517578,73.33999633789062,59.7478141784668,9374000,-0.013946574688522811
2014-12-05,73.01000213623047,73.91000366210938,73.01000213623047,73.37000274658203,59.772254943847656,6588600,0.00040898178692521433
2014-12-08,73.22000122070312,73.51000213623047,72.20999908447266,72.61000061035156,59.153114318847656,7201700,-0.010412348897626902
2014-12-09,71.95999908447266,73.20999908447266,71.86000061035156,73.01000213623047,59.4789924621582,7548400,0.005493942100978815
2014-12-10,72.81999969482422,73.0,71.20999908447266,71.5,58.248844146728516,9059300,-0.02089893307124639
2014-12-11,71.7300033569336,72.7699966430664,71.56999969482422,71.98999786376953,58.64800262451172,9487300,0.006829269397200502
2014-12-12,71.62999725341797,71.80999755859375,70.58000183105469,70.58000183105469,57.49934005737305,8351600,-0.019780048197155373
2014-12-15,70.8499984741211,71.41999816894531,69.58999633789062,70.37000274658203,57.32825469970703,11016100,-0.002979867071595556
2014-12-16,70.20999908447266,71.77999877929688,70.08000183105469,70.30999755859375,57.27936935424805,11499400,-0.0008530906879408897
2014-12-17,70.41999816894531,72.37000274658203,70.13999938964844,72.20999908447266,58.827247619628906,11423400,0.0266646297471474
2014-12-18,73.27999877929688,73.36000061035156,72.61000061035156,73.36000061035156,59.764122009277344,8864600,0.01580037204270666
2014-12-19,73.29000091552734,73.7300033569336,73.16999816894531,73.43000030517578,59.821136474609375,16332000,0.0009535367548611139
2014-12-22,73.58000183105469,74.66000366210938,73.44999694824219,74.55999755859375,60.74171447753906,9074200,0.015271634458532806
2014-12-23,74.61000061035156,75.12000274658203,74.4800033569336,74.5999984741211,60.77431869506836,6405800,0.0005366241385675691
2014-12-24,74.69000244140625,75.1500015258789,74.63999938964844,74.66000366210938,60.82318878173828,3791900,0.0008038008395931707
2014-12-26,75.08999633789062,75.72000122070312,75.0,75.62000274658203,61.605281829833984,4986700,0.012776500158244079
2014-12-29,75.0,75.5999984741211,74.83000183105469,74.98999786376953,61.092037200927734,5959800,-0.008366077213582002
2014-12-30,74.75,75.37000274658203,74.69999694824219,75.0199966430664,61.11647415161133,6131700,0.00039992224336658094
2014-12-31,75.20999908447266,75.41000366210938,74.30999755859375,74.33000183105469,60.55436325073242,7763500,-0.009239928188525162
2015-01-02,74.51000213623047,74.87000274658203,73.75,74.27999877929688,60.513633728027344,6662700,-0.0006728371701528864
2015-01-05,73.70999908447266,74.5,73.62999725341797,73.93000030517578,60.22848892211914,12042800,-0.0047232122435987445
2015-01-06,73.86000061035156,74.61000061035156,72.73999786376953,72.87999725341797,59.373077392578125,11094000,-0.014304597208028957
2015-01-07,73.37000274658203,74.47000122070312,72.95999908447266,73.7300033569336,60.0655403137207,10030700,0.011595423542492152
2015-01-08,74.30000305175781,75.30000305175781,74.13999938964844,74.51000213623047,60.70100402832031,10937200,0.010523934141204266
2015-01-09,74.56999969482422,74.87000274658203,73.63999938964844,74.41999816894531,60.6276741027832,9038900,-0.0012087815608890445
2015-01-12,74.13999938964844,74.37999725341797,72.87999725341797,73.56999969482422,59.9351921081543,8749300,-0.01148761026788661
2015-01-13,73.95999908447266,75.05000305175781,72.55000305175781,72.97000122070312,59.44639587402344,12584500,-0.00818885012060171
2015-01-14,72.45999908447266,73.0,71.44000244140625,72.22000122070312,58.83540344238281,13203500,-0.010331223732538405
2015-01-15,72.26000213623047,72.58999633789062,71.05000305175781,71.37999725341797,58.15107345581055,10858400,-0.011699434164331035
2015-01-16,70.8499984741211,71.43000030517578,70.12000274658203,71.29000091552734,58.077754974365234,12372300,-0.001261623164590341
2015-01-20,71.75,73.20999908447266,71.18000030517578,72.4800033569336,59.047218322753906,12036700,0.01655471863632345
2015-01-21,70.27999877929688,72.61000061035156,69.94999694824219,71.58999633789062,58.3221435546875,17008900,-0.012355592305248117
2015-01-22,71.86000061035156,72.08999633789062,70.83999633789062,71.91000366210938,58.58285903930664,10450100,0.0044603038546437235
2015-01-23,72.01000213623047,72.3499984741211,71.43000030517578,72.18000030517578,58.80280303955078,8142100,0.0037473785764905163
2015-01-26,72.16999816894531,72.9000015258789,71.72000122070312,72.61000061035156,59.153114318847656,9203700,0.005939715735558156
2015-01-27,71.9000015258789,72.5,70.94000244140625,71.7699966430664,58.468780517578125,11398800,-0.011636294823538553
2015-01-28,72.5,72.5,70.8499984741211,70.98999786376953,57.8333625793457,15722100,-0.010927129007632076
2015-01-29,65.51000213623047,65.69000244140625,62.470001220703125,63.689998626708984,51.88627243041992,47115300,-0.10851156160523139
2015-01-30,63.040000915527344,64.01000213623047,62.38999938964844,62.459999084472656,50.884220123291016,26407800,-0.019501396541125208
2015-02-02,62.4900016784668,65.93000030517578,62.2599983215332,65.52999877929688,53.385257720947266,21130600,0.04798177694258732
2015-02-03,65.77999877929688,67.04000091552734,65.4800033569336,66.95999908447266,54.550228118896484,16354200,0.021587258891973608
2015-02-04,66.58999633789062,67.70999908447266,66.12000274658203,66.95999908447266,54.550228118896484,13089600,0.0
2015-02-05,67.16999816894531,67.98999786376953,66.79000091552734,67.94999694824219,55.356754302978516,10650500,0.01467678656886711
2015-02-06,67.80999755859375,67.94999694824219,66.06999969482422,66.3499984741211,54.05329132080078,11779500,-0.023828244437368588
2015-02-09,68.16000366210938,68.95999908447266,66.95999908447266,67.11000061035156,54.67243957519531,15651100,0.011389299332754252
2015-02-10,69.08999633789062,70.45999908447266,68.83000183105469,70.26000213623047,57.2386360168457,36081200,0.045869389642890855
2015-02-11,70.56999969482422,70.94999694824219,70.0,70.20999908447266,57.19791030883789,13439300,-0.0007117605526336812
2015-02-12,69.58000183105469,70.38999938964844,69.55999755859375,70.38999938964844,57.34455490112305,12798300,0.0025605293571596384
2015-02-13,70.48999786376953,70.93000030517578,70.2699966430664,70.87999725341797,57.74372482299805,8050200,0.006936788410945159
2015-02-17,70.76000213623047,70.91000366210938,70.45999908447266,70.80000305175781,57.67856979370117,8764300,-0.0011289852871810692
2015-02-18,70.33999633789062,70.87999725341797,70.11000061035156,70.54000091552734,57.466758728027344,8097400,-0.0036790255810174584
2015-02-19,70.2300033569336,71.2699966430664,70.20999908447266,70.9800033569336,57.82522201538086,9785300,0.006218375989995975
2015-02-20,70.83000183105469,71.72000122070312,70.58999633789062,71.5199966430664,58.26512908935547,8657300,0.007578738032485728
2015-02-23,71.26000213623047,71.55000305175781,70.36000061035156,70.94000244140625,57.79262924194336,8617700,-0.008142539797462779
2015-02-24,70.73999786376953,71.47000122070312,70.37000274658203,71.37000274658203,58.14292526245117,10131900,0.006042962195610292
2015-02-25,71.01000213623047,72.2300033569336,71.01000213623047,71.68000030517578,58.39548873901367,10578100,0.004334431254136664
2015-02-26,71.87000274658203,72.2699966430664,71.61000061035156,72.01000213623047,58.66432189941406,9838700,0.004593098716889902
2015-02-27,71.80999755859375,72.56999969482422,71.19999694824219,72.51000213623047,59.07164764404297,10297400,0.006919336059186765
2015-03-02,71.80000305175781,72.9000015258789,71.61000061035156,72.66000366210938,59.538734436035156,8979300,0.00787602566178575
2015-03-03,72.01000213623047,72.48999786376953,71.3499984741211,71.41000366210938,58.51445770263672,9236400,-0.01735323574895341
2015-03-04,71.0999984741211,71.5,70.55999755859375,70.8499984741211,58.05557632446289,8476200,-0.007873099675083437
2015-03-05,71.19999694824219,71.2699966430664,70.69000244140625,70.93000030517578,58.12113571166992,6955800,0.0011286150729695648
2015-03-06,70.55999755859375,71.69000244140625,70.51000213623047,71.51000213623047,58.59639358520508,12022100,0.008143772456938276
2015-03-09,71.63999938964844,72.87000274658203,71.63999938964844,72.70999908447266,59.57969665527344,12754700,0.016641704112501366
2015-03-10,73.87000274658203,74.08999633789062,71.86000061035156,71.88999938964844,58.90776443481445,29111600,-0.011341949896899194
2015-03-11,71.5199966430664,71.72000122070312,70.23999786376953,70.2699966430664,57.580322265625,21690200,-0.02279202398910204
2015-03-12,70.0,70.55000305175781,69.19999694824219,69.37000274658203,56.842838287353516,16004300,-0.012890645336326268
2015-03-13,69.01000213623047,69.63999938964844,68.31999969482422,68.63999938964844,56.24467468261719,13946800,-0.010578872370913048
2015-03-16,69.13999938964844,70.02999877929688,68.91000366210938,70.0,57.35908508300781,11643400,0.01961988143465186
2015-03-17,69.44000244140625,70.16999816894531,69.20999908447266,69.81999969482422,57.21160125732422,11540300,-0.002574548723735769
2015-03-18,69.5999984741211,70.48999786376953,69.05999755859375,70.2300033569336,57.54754638671875,10245700,0.005854802792424219
2015-03-19,70.2300033569336,70.58999633789062,69.77999877929688,69.83000183105469,57.21976852416992,6959800,-0.005712057549137081
2015-03-20,70.19999694824219,70.61000061035156,69.79000091552734,70.04000091552734,57.391849517822266,22646600,0.0030028565323266983
2015-03-23,69.91999816894531,70.58000183105469,69.80999755859375,70.06999969482422,57.41643142700195,7700600,0.00042822537456410517
2015-03-24,69.98999786376953,70.2300033569336,68.97000122070312,68.97000122070312,56.51509094238281,9964700,-0.015822825341008463
2015-03-25,68.86000061035156,68.87000274658203,67.19999694824219,67.20999908447266,55.072898864746094,11980500,-0.02584995728906151
2015-03-26,66.54000091552734,67.44999694824219,65.68000030517578,67.16000366210938,55.031944274902344,13835900,-0.0007439198960676487
2015-03-27,67.22000122070312,67.93000030517578,66.75,67.02999877929688,54.92540740966797,8560400,-0.0019377858222208496
2015-03-30,67.73999786376953,69.0,67.45999908447266,68.87999725341797,56.44132614135742,11404500,0.02722558738250828
2015-03-31,68.16000366210938,69.54000091552734,68.16000366210938,69.33999633789062,56.81825637817383,13035300,0.006656066003989543
2015-04-01,68.47000122070312,69.47000122070312,68.44999694824219,69.43000030517578,56.892005920410156,10455800,0.0012971485789656035
2015-04-02,69.5199966430664,69.61000061035156,67.76000213623047,67.97000122070312,55.69567108154297,14206200,-0.02125241232321258
2015-04-06,66.19000244140625,67.95999908447266,66.18000030517578,67.76000213623047,55.523582458496094,11906300,-0.0030945857826358493
2015-04-07,67.72000122070312,68.12000274658203,67.26000213623047,67.31999969482422,55.16304397583008,13948000,-0.006514603785224983
2015-04-08,66.94000244140625,67.58999633789062,66.93000030517578,67.26000213623047,55.11387252807617,15783100,-0.0008917813912740931
2015-04-09,67.41999816894531,69.08999633789062,67.30999755859375,68.80999755859375,56.38396453857422,14169200,0.02278334689676612
2015-04-10,68.66999816894531,69.19999694824219,68.47000122070312,69.16000366210938,56.670772552490234,10437900,0.005073801179521962
2015-04-13,71.2300033569336,71.9000015258789,68.63999938964844,68.7300033569336,56.31843948364258,28612900,-0.006236599131937614
2015-04-14,69.16000366210938,69.19999694824219,68.5999984741211,68.97000122070312,56.51509094238281,12305100,0.00348569537988369
2015-04-15,69.29000091552734,69.5,68.19000244140625,68.45999908447266,56.09717559814453,11923400,-0.007422233396751474
2015-04-16,68.16000366210938,68.25,67.7300033569336,67.91000366210938,55.6464958190918,10649900,-0.008066357888547234
2015-04-17,67.48999786376953,67.94999694824219,66.95999908447266,67.11000061035156,54.990966796875,14011100,-0.011850175841805213
2015-04-20,67.25,68.80000305175781,67.19000244140625,68.63999938964844,56.24467468261719,12893800,0.02254243260701816
2015-04-21,68.83999633789062,68.94000244140625,68.37999725341797,68.56999969482422,56.187313079833984,7839300,-0.0010203787890211923
2015-04-22,68.76000213623047,69.20999908447266,68.25,68.94000244140625,56.49049758911133,13289500,0.005381454239545024
2015-04-23,67.3499984741211,68.43000030517578,66.95999908447266,68.33999633789062,55.99885177612305,18341100,-0.008741253217183116
2015-04-24,68.02999877929688,68.31999969482422,67.66999816894531,68.23999786376953,55.91690444946289,8757800,-0.0014644469030859239
2015-04-27,68.7699966430664,69.68000030517578,68.61000061035156,69.2300033569336,56.72812271118164,11818400,0.01440333952545413
2015-04-28,69.04000091552734,69.81999969482422,69.01000213623047,69.6500015258789,57.07228088378906,8272600,0.006048471023974346
2015-04-29,69.19000244140625,69.33999633789062,68.0,68.66999816894531,56.269248962402344,7660400,-0.014170363851265752
2015-04-30,68.33000183105469,68.58999633789062,67.61000061035156,68.0,55.72024154663086,8319800,-0.009804702412271946
2015-05-01,68.30999755859375,68.54000091552734,67.95999908447266,68.41999816894531,56.06439208984375,7166200,0.006157404991183359
2015-05-04,68.44999694824219,69.36000061035156,68.22000122070312,69.05999755859375,56.58883285522461,7013800,0.009310777464272835
2015-05-05,68.8499984741211,69.0,68.12999725341797,68.37000274658203,56.02341842651367,8660600,-0.010041876857978178
2015-05-06,68.19999694824219,68.8499984741211,67.5,67.80999755859375,55.56454849243164,7858200,-0.00822440865767578
2015-05-07,67.80000305175781,68.44999694824219,67.79000091552734,68.43000030517578,56.07259750366211,6514000,0.009101854299175835
2015-05-08,68.8499984741211,69.41000366210938,68.55000305175781,69.41000366210938,56.87562561035156,7393300,0.014219641804143326
2015-05-11,69.16999816894531,69.3499984741211,68.81999969482422,69.05000305175781,56.58063507080078,6379200,-0.005200086844281267
2015-05-12,68.69999694824219,69.0199966430664,68.0999984741211,68.79000091552734,56.367576599121094,8070400,-0.0037726799076622693
2015-05-13,69.2300033569336,70.5,69.0,69.7300033569336,57.137847900390625,12031200,0.013572622265870147
2015-05-14,69.98999786376953,70.66000366210938,69.80999755859375,70.5199966430664,57.785179138183594,10945700,0.011265594036661938
2015-05-15,70.61000061035156,71.08999633789062,70.43000030517578,71.05999755859375,58.22765350341797,9858600,0.007628061494411391
2015-05-18,70.98999786376953,71.12999725341797,70.25,70.41999816894531,57.7032356262207,5352500,-0.00904713934531825
2015-05-19,70.33000183105469,70.41999816894531,69.47000122070312,69.62000274658203,57.04770278930664,7609100,-0.011425439775774067
2015-05-20,69.80000305175781,69.83999633789062,69.22000122070312,69.27999877929688,56.76909255981445,8420200,-0.00489577632421269
2015-05-21,69.62999725341797,70.94999694824219,69.02999877929688,70.08999633789062,57.43281936645508,27529700,0.011623873342998891
2015-05-22,69.56999969482422,69.94000244140625,69.44000244140625,69.51000213623047,56.95755386352539,13177300,-0.008309584525894554
2015-05-26,69.52999877929688,69.62000274658203,68.75,69.36000061035156,56.83465576171875,14768600,-0.0021600450504679915
2015-05-27,69.4000015258789,71.13999938964844,69.0999984741211,71.0199966430664,58.19486999511719,17559100,0.02365093011925647
2015-05-28,70.94999694824219,71.31999969482422,70.51000213623047,70.5999984741211,57.85072326660156,11939000,-0.005931250429383755
2015-05-29,70.69000244140625,70.9000015258789,69.5999984741211,69.68000030517578,57.09685134887695,18256900,-0.013116983619437271
2015-06-01,69.51000213623047,69.9000015258789,69.11000061035156,69.41999816894531,57.278385162353516,8600500,0.0031743578671400517
2015-06-02,69.36000061035156,69.66000366210938,69.05999755859375,69.3499984741211,57.22062301635742,12071300,-0.0010089546069437503
2015-06-03,69.80000305175781,70.05000305175781,69.44999694824219,69.86000061035156,57.64142608642578,6533300,0.007327136438694055
2015-06-04,69.36000061035156,69.51000213623047,68.76000213623047,68.9000015258789,56.849327087402344,9909300,-0.013837128595432978
2015-06-05,68.95999908447266,68.95999908447266,68.22000122070312,68.26000213623047,56.32127380371094,8067900,-0.009332054645876404
2015-06-08,68.02999877929688,68.19999694824219,67.25,67.27999877929688,55.51266098022461,9158400,-0.014461208341936111
2015-06-09,67.37999725341797,67.47000122070312,66.7699966430664,66.83999633789062,55.14962387084961,7611700,-0.006561194940741584
2015-06-10,66.91000366210938,67.69000244140625,66.91000366210938,67.30999755859375,55.537418365478516,12825900,0.0070070727971092706
2015-06-11,67.58999633789062,67.80999755859375,67.38999938964844,67.5999984741211,55.776702880859375,10609800,0.0042992727476877535
2015-06-12,67.05999755859375,67.55000305175781,66.79000091552734,67.02999877929688,55.30638885498047,6855600,-0.008467838422940648
2015-06-15,66.54000091552734,66.8499984741211,66.05999755859375,66.62999725341797,54.97634506225586,6817500,-0.005985429746420721
2015-06-16,66.44999694824219,66.62999725341797,65.93000030517578,66.45999908447266,54.836090087890625,6746800,-0.002554447507506
2015-06-17,66.69000244140625,67.08000183105469,66.08000183105469,66.55000305175781,54.91035079956055,9563600,0.0013533144656576518
2015-06-18,66.72000122070312,67.66999816894531,66.66999816894531,67.36000061035156,55.578670501708984,10443500,0.012097633685695738
2015-06-19,67.41000366210938,67.51000213623047,66.63999938964844,66.87999725341797,55.18263626098633,13233700,-0.007151160274873202
2015-06-22,67.04000091552734,67.62999725341797,67.0,67.36000061035156,55.578670501708984,11762800,0.007151160274873257
2015-06-23,67.54000091552734,67.62000274658203,66.76000213623047,66.9800033569336,55.265140533447266,11791100,-0.0056571639229056675
2015-06-24,67.08000183105469,67.12999725341797,65.29000091552734,65.3499984741211,53.92021179199219,15282700,-0.024636945171743165
2015-06-25,65.51000213623047,65.87000274658203,65.0199966430664,65.26000213623047,53.84597396850586,9838800,-0.0013777574979706691
2015-06-26,65.37999725341797,65.55999755859375,64.5999984741211,64.66999816894531,53.35917282104492,34801400,-0.009081737358664181
2015-06-29,63.400001525878906,64.02999877929688,62.58000183105469,62.619998931884766,51.66770935058594,16549700,-0.03221289060614641
2015-06-30,62.75,63.150001525878906,62.45000076293945,62.630001068115234,51.67595672607422,12697400,0.00015961066253776838
2015-07-01,63.099998474121094,63.279998779296875,62.0099983215332,62.900001525878906,51.89873123168945,12669900,0.004301723780999943
2015-07-02,63.0099983215332,63.650001525878906,62.9900016784668,63.11000061035156,52.07200622558594,11302800,0.003333152357220556
2015-07-06,62.65999984741211,63.54999923706055,62.650001525878906,63.11000061035156,52.07200622558594,10068400,0.0
2015-07-07,63.27000045776367,63.380001068115234,61.47999954223633,62.79999923706055,51.81622314453125,13582600,-0.004924207476704761
2015-07-08,62.45000076293945,62.599998474121094,61.70000076293945,61.90999984741211,51.0818977355957,13827900,-0.014273105652549906
2015-07-09,62.849998474121094,63.43000030517578,61.849998474121094,61.86000061035156,51.04063415527344,12238900,-0.0008081190664560174
2015-07-10,62.40999984741211,63.06999969482422,62.33000183105469,62.72999954223633,51.75847244262695,12906100,0.013966073811506307
2015-07-13,63.0,63.70000076293945,63.0,63.43000030517578,52.33604049682617,11426600,0.011097107137863847
2015-07-14,63.619998931884766,64.27999877929688,63.45000076293945,63.939998626708984,52.75684356689453,10282300,0.008008255225501332
2015-07-15,63.310001373291016,64.19999694824219,63.29999923706055,63.880001068115234,52.70732879638672,8492000,-0.0009389875829176156
2015-07-16,63.45000076293945,64.68000030517578,63.380001068115234,64.55000305175781,53.26015853881836,10385900,0.010434044853568782
2015-07-17,64.11000061035156,64.6500015258789,64.01000213623047,64.33999633789062,53.08687973022461,8953500,-0.003258745419853553
2015-07-20,64.62999725341797,64.62999725341797,63.7400016784668,63.790000915527344,52.63307571411133,11381000,-0.008585073677859779
2015-07-21,64.61000061035156,66.05000305175781,64.44999694824219,65.13999938964844,53.746952056884766,17818900,0.02094222150206437
2015-07-22,64.5,64.97000122070312,64.05000305175781,64.19000244140625,52.9631233215332,22660300,-0.014691074487239272
2015-07-23,62.56999969482422,62.779998779296875,60.83000183105469,61.779998779296875,50.97462463378906,37879800,-0.03826793229231749
2015-07-24,61.86000061035156,62.20000076293945,61.310001373291016,61.63999938964844,50.85911178588867,18525500,-0.0022686567635666595
2015-07-27,61.97999954223633,62.5,61.5099983215332,61.97999954223633,51.1396484375,14749700,0.005500799389880608
2015-07-28,62.34000015258789,63.40999984741211,62.220001220703125,63.099998474121094,52.063758850097656,14090200,0.017909003900187244
2015-07-29,63.08000183105469,63.560001373291016,62.75,63.16999816894531,52.12150192260742,9779100,0.0011084692401581327
2015-07-30,62.9900016784668,64.77999877929688,62.79999923706055,64.41000366210938,53.1446418762207,12697200,0.019439719877628343
2015-07-31,64.66000366210938,64.94999694824219,64.2300033569336,64.38999938964844,53.12813186645508,9611600,-0.0003107100589737947
2015-08-03,64.3499984741211,64.70999908447266,64.08000183105469,64.43000030517578,53.161136627197266,9847900,0.0006210365782119542
2015-08-04,64.41000366210938,64.81999969482422,63.220001220703125,63.45000076293945,52.3525390625,12106800,-0.015327177053656939
2015-08-05,63.65999984741211,64.48999786376953,63.5,63.880001068115234,52.70732879638672,9451300,0.006754074411767855
2015-08-06,63.75,64.11000061035156,62.650001525878906,62.84000015258789,51.8492317199707,12280300,-0.016414395016157553
2015-08-07,62.7599983215332,63.43000030517578,62.599998474121094,63.02000045776367,51.99775695800781,17441700,0.0028604650207112716
2015-08-10,62.5,63.33000183105469,62.5,63.150001525878906,52.10501480102539,17649600,0.002060615277726904
2015-08-11,62.56999969482422,63.060001373291016,62.34000015258789,62.54999923706055,51.60995864868164,13667000,-0.009546546572415746
2015-08-12,62.400001525878906,62.66999816894531,61.599998474121094,62.58000183105469,51.63471221923828,12672100,0.000479512808222605
2015-08-13,62.5,62.599998474121094,61.95000076293945,62.029998779296875,51.18090057373047,9402600,-0.008827736960653271
2015-08-14,61.790000915527344,62.54999923706055,61.790000915527344,61.90999984741211,51.0818977355957,9202800,-0.001936244082931811
2015-08-17,61.5,62.11000061035156,61.47999954223633,62.06999969482422,51.213897705078125,11549700,0.0025807520666290508
2015-08-18,61.56999969482422,61.849998474121094,61.29999923706055,61.31999969482422,50.5950813293457,10632100,-0.01215657012612582
2015-08-19,60.88999938964844,61.619998931884766,60.709999084472656,61.18000030517578,50.47956848144531,11577000,-0.0022856947495157203
2015-08-20,60.849998474121094,61.34000015258789,60.150001525878906,60.150001525878906,49.62971496582031,13173500,-0.016978923489369274
2015-08-21,59.689998626708984,60.099998474121094,57.560001373291016,57.61000061035156,47.533958435058594,19647300,-0.043145376366409145
2015-08-24,54.18000030517578,57.810001373291016,52.59000015258789,55.279998779296875,45.61149215698242,29486900,-0.04128466427845623
2015-08-25,56.619998931884766,56.91999816894531,53.7400016784668,53.880001068115234,44.45633316040039,21855400,-0.0256522756447768
2015-08-26,55.5,56.7400016784668,54.849998474121094,56.65999984741211,46.75011444091797,22001500,0.05030927355570796
2015-08-27,57.06999969482422,57.45000076293945,56.16999816894531,57.36000061035156,47.32769012451172,18261600,0.012278835438199942
2015-08-28,57.150001525878906,57.7599983215332,57.029998779296875,57.45000076293945,47.40194320678711,12673300,0.0015676846805254565
2015-08-31,56.56999969482422,57.2599983215332,56.349998474121094,56.58000183105469,47.077449798583984,9898800,-0.006869110264288643
2015-09-01,55.25,55.90999984741211,54.689998626708984,55.02000045776367,45.779441833496094,13136600,-0.027958991435865027
2015-09-02,55.630001068115234,55.880001068115234,55.0099983215332,55.86000061035156,46.478370666503906,11629100,0.015151935337655277
2015-09-03,56.220001220703125,56.7599983215332,55.470001220703125,55.54999923706055,46.220436096191406,10717900,-0.0055650173932896485
2015-09-04,54.939998626708984,55.099998474121094,54.13999938964844,54.290000915527344,45.17204666137695,11424700,-0.02294358119657907
2015-09-08,55.11000061035156,55.349998474121094,54.77000045776367,55.20000076293945,45.92921829223633,10938500,0.016623019814389357
2015-09-09,55.849998474121094,55.88999938964844,54.15999984741211,54.31999969482422,45.19700622558594,12577200,-0.016070627949114943
2015-09-10,54.5,55.810001373291016,54.279998779296875,55.33000183105469,46.037384033203125,13997100,0.018422912106783738
2015-09-11,55.04999923706055,55.15999984741211,54.349998474121094,54.65999984741211,45.47990417480469,10793300,-0.012183200898466428
2015-09-14,54.75,54.97999954223633,54.06999969482422,54.310001373291016,45.18869400024414,9720700,-0.006423639093911354
2015-09-15,54.81999969482422,55.16999816894531,54.36000061035156,54.869998931884766,45.654632568359375,9265000,0.010258159219710497
2015-09-16,54.810001373291016,55.529998779296875,54.68000030517578,55.20000076293945,45.92921829223633,8091900,0.005996396614998277
2015-09-17,55.189998626708984,55.90999984741211,54.849998474121094,54.97999954223633,45.74617004394531,9698100,-0.003993405315719579
2015-09-18,54.25,54.959999084472656,54.02000045776367,54.45000076293945,45.305179595947266,26572500,-0.0096867075117328
2015-09-21,54.630001068115234,54.72999954223633,54.0,54.38999938964844,45.2552490234375,9289600,-0.001102701882718526
2015-09-22,53.779998779296875,54.22999954223633,53.58000183105469,53.939998626708984,44.880828857421875,9946800,-0.008307934589820756
2015-09-23,54.150001525878906,54.150001525878906,53.369998931884766,53.560001373291016,44.56465530395508,7243900,-0.007069666474451885
2015-09-24,53.18000030517578,53.529998779296875,52.38999938964844,53.27000045776367,44.3233528137207,13502000,-0.00542937316529958
2015-09-25,53.95000076293945,54.0,52.959999084472656,53.220001220703125,44.28175735473633,11661900,-0.0009388953291951728
2015-09-28,53.04999923706055,53.27000045776367,52.52000045776367,52.540000915527344,43.71596145629883,11773100,-0.012859508247623828
2015-09-29,52.5,52.90999984741211,52.16999816894531,52.43000030517578,43.62443161010742,9789900,-0.0020959346869190614
2015-09-30,52.9900016784668,53.810001373291016,52.900001525878906,53.72999954223633,44.70609664916992,12849700,0.024492531237905783
2015-10-01,53.599998474121094,53.81999969482422,53.0,53.18000030517578,44.248470306396484,9554900,-0.010289081171513854
2015-10-02,53.06999969482422,55.150001525878906,53.0,55.06999969482422,45.821044921875,13192200,0.034922680185504075
2015-10-05,55.58000183105469,56.4900016784668,55.56999969482422,56.22999954223633,46.78622817993164,9933200,0.02084540826327157
2015-10-06,56.0,56.52000045776367,55.41999816894531,56.31999969482422,46.861114501953125,10336500,0.0015993264910499675
2015-10-07,56.560001373291016,57.349998474121094,56.040000915527344,56.61000061035156,47.102413177490234,8952300,0.005136018451511425
2015-10-08,56.4900016784668,57.68000030517578,56.31999969482422,57.65999984741211,47.9760627746582,8635200,0.01837795942419173
2015-10-09,57.869998931884766,58.119998931884766,57.369998931884766,57.779998779296875,48.075904846191406,8883000,0.0020789185264019905
2015-10-12,57.630001068115234,58.08000183105469,57.470001220703125,57.790000915527344,48.084224700927734,6913400,0.0001730416711432169
2015-10-13,57.189998626708984,58.08000183105469,57.02000045776367,57.5099983215332,47.85124969482422,7377300,-0.004856920040358293
2015-10-14,57.52000045776367,59.13999938964844,57.5099983215332,58.630001068115234,48.78314971923828,12471600,0.019287726111163857
2015-10-15,59.0,59.90999984741211,58.65999984741211,59.2599983215332,49.30733871459961,9055600,0.010687967685341979
2015-10-16,59.47999954223633,60.0,58.90999984741211,59.90999984741211,49.848175048828125,8924900,0.010908958609085315
2015-10-19,59.459999084472656,59.630001068115234,58.61000061035156,59.099998474121094,49.174217224121094,10975200,-0.01361244090665143
2015-10-20,58.68000030517578,59.209999084472656,58.68000030517578,59.0,49.091007232666016,9102200,-0.0016935800391996393
2015-10-21,59.279998779296875,59.77000045776367,58.88999938964844,58.970001220703125,49.0660514831543,6915400,-0.0005084861012732687
2015-10-22,59.4900016784668,60.63999938964844,59.4900016784668,60.43000030517578,50.280845642089844,10913600,0.02445682239731528
2015-10-23,60.630001068115234,61.189998626708984,60.4900016784668,60.72999954223633,50.530460357666016,9175600,0.00495212760554557
2015-10-26,60.90999984741211,60.90999984741211,58.70000076293945,59.209999084472656,49.2657356262207,13381000,-0.025347508155335617
2015-10-27,58.90999984741211,59.349998474121094,58.77000045776367,59.279998779296875,49.323978424072266,9485900,0.0011815188874037756
2015-10-28,59.33000183105469,60.29999923706055,59.22999954223633,60.27000045776367,50.14771270751953,7738300,0.01656256376973537
2015-10-29,59.66999816894531,60.22999954223633,59.58000183105469,60.0,49.923057556152344,5567700,-0.004489933038116789
2015-10-30,60.119998931884766,60.20000076293945,59.41999816894531,59.41999816894531,49.440467834472656,8630300,-0.009713695531125865
2015-11-02,59.70000076293945,60.7599983215332,59.5099983215332,60.63999938964844,50.45557403564453,8577200,0.020323951256282984
2015-11-03,60.400001525878906,61.18000030517578,60.2599983215332,60.869998931884766,50.646942138671875,7704300,0.003785629454336041
2015-11-04,60.88999938964844,61.0099983215332,60.06999969482422,60.2599983215332,50.139400482177734,10795900,-0.010071720705182112
2015-11-05,56.72999954223633,56.810001373291016,49.91999816894531,51.06999969482422,42.49284744262695,65856400,-0.16547136948197538
2015-11-06,51.630001068115234,53.70000076293945,51.630001068115234,53.41999816894531,44.448158264160156,31252900,0.04498776092484614
2015-11-09,52.880001068115234,53.349998474121094,52.619998931884766,52.939998626708984,44.04878616333008,15092000,-0.009025731105366416
2015-11-10,52.529998779296875,52.9900016784668,51.95000076293945,52.27000045776367,43.491310119628906,13489500,-0.012736645345350642
2015-11-11,52.599998474121094,53.2400016784668,52.369998931884766,52.849998474121094,43.97388458251953,11026300,0.011034774719194961
2015-11-12,52.75,53.189998626708984,52.52000045776367,52.58000183105469,43.74924087524414,10807000,-0.005121664262728271
2015-11-13,52.29999923706055,52.75,51.81999969482422,51.939998626708984,43.21672821044922,10439900,-0.012246613839360607
2015-11-16,51.959999084472656,52.86000061035156,51.959999084472656,52.77000045776367,43.90732955932617,9214000,0.015853619103179274
2015-11-17,52.70000076293945,53.54999923706055,52.56999969482422,52.97999954223633,44.08205795288086,10686200,0.003971584032296721
2015-11-18,51.939998626708984,51.939998626708984,47.52000045776367,48.0,39.93844985961914,45214500,-0.09871333501884762
2015-11-19,48.5099983215332,49.279998779296875,48.22999954223633,48.38999938964844,40.262939453125,20547900,0.008091913790793534
2015-11-20,48.79999923706055,49.77000045776367,48.5,49.619998931884766,41.286373138427734,17229800,0.025101068001851544
2015-11-23,49.09000015258789,49.58000183105469,48.7599983215332,48.970001220703125,40.74553680419922,11632800,-0.013186189888896086
2015-11-24,49.029998779296875,49.72999954223633,48.86000061035156,49.40999984741211,41.111637115478516,12090100,0.008944915509916815
2015-11-25,49.40999984741211,49.650001525878906,48.849998474121094,49.099998474121094,40.85369873046875,9967100,-0.006293861516373114
2015-11-27,48.66999816894531,48.849998474121094,48.470001220703125,48.540000915527344,40.786495208740234,3441600,-0.0016463345728377785
2015-11-30,48.599998474121094,48.86000061035156,48.29999923706055,48.790000915527344,40.996543884277344,13716000,0.005136740813994335
2015-12-01,48.75,49.31999969482422,48.599998474121094,49.29999923706055,41.42508316040039,9915800,0.010398803157869462
2015-12-02,51.90999984741211,53.439998626708984,51.79999923706055,51.849998474121094,43.5677604675293,36745100,0.05043086721344713
2015-12-03,52.15999984741211,52.2400016784668,50.369998931884766,51.400001525878906,43.18964767456055,25438100,-0.008716608647586516
2015-12-04,52.09000015258789,52.56999969482422,51.40999984741211,52.34000015258789,43.9794921875,16177700,0.018122609248848606
2015-12-07,52.310001373291016,52.540000915527344,51.88999938964844,52.43000030517578,44.055118560791016,10160700,0.001718105896114519
2015-12-08,50.630001068115234,50.959999084472656,49.310001373291016,49.47999954223633,41.57633590698242,18917100,-0.05791038749276181
2015-12-09,49.63999938964844,49.97999954223633,48.41999816894531,48.59000015258789,40.82849884033203,16131000,-0.01815081846137127
2015-12-10,48.650001525878906,49.56999969482422,48.470001220703125,48.56999969482422,40.81169128417969,11619500,-0.00041174711534031533
2015-12-11,48.20000076293945,48.36000061035156,47.34000015258789,47.459999084472656,39.87899398803711,12977600,-0.02311887264657734
2015-12-14,47.40999984741211,47.959999084472656,45.93000030517578,46.83000183105469,39.34963607788086,17157400,-0.013362992316286746
2015-12-15,47.709999084472656,48.810001373291016,46.79999923706055,48.02000045776367,40.349544525146484,20086900,0.02509338006962055
2015-12-16,48.25,48.599998474121094,47.150001525878906,48.06999969482422,40.39155578613281,13308300,0.0010406413738640503
2015-12-17,49.31999969482422,49.599998474121094,47.540000915527344,47.540000915527344,39.94622039794922,15328000,-0.011086688500675967
2015-12-18,47.369998931884766,48.040000915527344,47.02000045776367,47.43000030517578,39.85378646850586,46440200,-0.0023166406724191044
2015-12-21,47.61000061035156,48.93000030517578,47.540000915527344,48.7599983215332,40.971351623535156,16779000,0.027655662829172215
2015-12-22,48.529998779296875,49.189998626708984,48.43000030517578,49.06999969482422,41.2318229675293,10139800,0.006337278749245547
2015-12-23,49.2400016784668,49.52000045776367,48.900001525878906,49.040000915527344,41.20661926269531,9397900,-0.0006114551642995448
2015-12-24,49.0,49.880001068115234,49.0,49.54999923706055,41.635162353515625,5338500,0.010346153961460285
2015-12-28,49.45000076293945,49.810001373291016,49.22999954223633,49.58000183105469,41.66036605834961,8395600,0.000605163472366467
2015-12-29,50.279998779296875,51.25,50.06999969482422,50.880001068115234,42.752708435058594,14371300,0.025882325981460053
2015-12-30,50.880001068115234,51.25,50.36000061035156,50.40999984741211,42.35778045654297,8529300,-0.00928042637585583
2015-12-31,50.060001373291016,50.439998626708984,49.88999938964844,49.9900016784668,42.00487518310547,7613400,-0.008366434870785247
2016-01-04,49.43000030517578,50.18000030517578,48.90999984741211,50.119998931884766,42.11410140991211,12571300,0.002596947623875138
2016-01-05,50.459999084472656,50.599998474121094,49.06999969482422,49.13999938964844,41.290645599365234,13482300,-0.019746659451652722
2016-01-06,48.36000061035156,48.65999984741211,47.7599983215332,48.63999938964844,40.87051010131836,15783500,-0.010227196939551859
2016-01-07,47.779998779296875,48.0,45.97999954223633,46.13999938964844,38.76984786987305,20495600,-0.05276595080636646
2016-01-08,46.810001373291016,46.849998474121094,45.84000015258789,45.880001068115234,38.55138397216797,15285500,-0.0056508276919548855
2016-01-11,46.36000061035156,46.529998779296875,45.33000183105469,46.06999969482422,38.71101760864258,13624900,0.004132252178563131
2016-01-12,46.45000076293945,46.68000030517578,45.619998931884766,46.52000045776367,39.08914566040039,9290700,0.009720571610458863
2016-01-13,47.220001220703125,47.970001220703125,46.06999969482422,46.099998474121094,38.736236572265625,17285100,-0.009069316384405562
2016-01-14,46.209999084472656,48.0099983215332,45.84000015258789,47.72999954223633,40.105873107910156,21649400,0.03474727765768658
2016-01-15,46.040000915527344,46.5099983215332,45.130001068115234,45.81999969482422,38.50095748901367,17273300,-0.04083967430297285
2016-01-19,46.5,46.58000183105469,45.470001220703125,46.09000015258789,38.727840423583984,12680000,0.00587562135949895
2016-01-20,45.5,46.18000030517578,44.38999938964844,45.93000030517578,38.593387603759766,14761500,-0.003477775994272903
2016-01-21,46.36000061035156,47.439998626708984,45.709999084472656,47.04999923706055,39.534488677978516,12913700,0.024092465843699683
2016-01-22,47.810001373291016,48.279998779296875,47.439998626708984,48.06999969482422,40.39155578613281,12154900,0.021447325887726264
2016-01-25,47.970001220703125,48.38999938964844,47.52000045776367,47.58000183105469,39.979827880859375,9365800,-0.010245723993746248
2016-01-26,47.599998474121094,48.849998474121094,47.52000045776367,48.52000045776367,40.76968002319336,9273400,0.0195636445288297
2016-01-27,48.0,48.58000183105469,47.15999984741211,47.529998779296875,39.93782043457031,12305000,-0.020614912954347645
2016-01-28,45.79999923706055,45.81999969482422,43.470001220703125,43.59000015258789,36.627174377441406,27935200,-0.0865333212640639
2016-01-29,44.04999923706055,45.349998474121094,43.66999816894531,45.34000015258789,38.09762954711914,24039200,0.03936162934375163
2016-02-01,44.709999084472656,46.40999984741211,44.38999938964844,46.11000061035156,38.74464416503906,13120400,0.016840467564927783
2016-02-02,45.18000030517578,45.400001525878906,42.880001068115234,43.150001525878906,36.2574577331543,21079700,-0.06634744044017739
2016-02-03,43.599998474121094,45.0,43.310001373291016,44.72999954223633,37.5850715637207,16733600,0.035961847966832175
2016-02-04,44.619998931884766,45.7599983215332,44.380001068115234,45.65999984741211,38.366519927978516,10798900,0.02057826373475117
2016-02-05,45.45000076293945,45.599998474121094,43.77000045776367,44.02000045776367,36.988487243652344,10709800,-0.03657849376408924
2016-02-08,43.5099983215332,44.15999984741211,42.83000183105469,43.88999938964844,36.879241943359375,12799000,-0.0029578648523223396
2016-02-09,43.650001525878906,44.060001373291016,43.16999816894531,43.61000061035156,36.643978118896484,10339800,-0.006399736769715157
2016-02-10,44.0,44.52000045776367,42.900001525878906,42.959999084472656,36.097801208496094,10044600,-0.015017151894345136
2016-02-11,42.5099983215332,43.290000915527344,42.2400016784668,43.0,36.13141632080078,12537700,0.0009307899457164303
2016-02-12,43.349998474121094,44.7599983215332,43.08000183105469,44.560001373291016,37.442222595214844,11696500,0.035636268958184406
2016-02-16,45.599998474121094,46.83000183105469,45.400001525878906,46.72999954223633,39.265602111816406,13832500,0.04754985724152541
2016-02-17,47.04999923706055,48.529998779296875,47.0099983215332,48.40999984741211,40.67724609375,14868200,0.03532000080099113
2016-02-18,48.40999984741211,49.310001373291016,48.02000045776367,49.08000183105469,41.24022674560547,13173100,0.013745285251348268
2016-02-19,49.040000915527344,50.040000915527344,48.7599983215332,49.41999816894531,41.52592849731445,16196800,0.00690385787908424
2016-02-22,50.08000183105469,51.290000915527344,50.06999969482422,51.279998779296875,43.08880615234375,16793600,0.0369452301252747
2016-02-23,51.0,51.0,50.11000061035156,50.41999816894531,42.366188049316406,9358700,-0.016912652896938545
2016-02-24,50.0,51.65999984741211,49.72999954223633,51.52000045776367,43.29048538208008,10966600,0.02158228129117006
2016-02-25,51.5,51.790000915527344,50.900001525878906,51.63999938964844,43.39131164550781,8352400,0.0023263548370524153
2016-02-26,52.0,52.0,51.220001220703125,51.619998931884766,43.37449645996094,9528400,-0.0003875993579625323
2016-02-29,51.16999816894531,51.529998779296875,50.709999084472656,50.790000915527344,43.07764434814453,12127300,-0.006867459283688674
2016-03-01,51.08000183105469,52.11000061035156,51.060001373291016,52.11000061035156,44.19719696044922,11977400,0.025657199964596308
2016-03-02,52.38999938964844,52.97999954223633,52.2400016784668,52.849998474121094,44.8248405456543,15664800,0.014101092332870789
2016-03-03,52.45000076293945,52.810001373291016,51.86000061035156,52.380001068115234,44.426212310791016,12365200,-0.00893279962107724
2016-03-04,52.33000183105469,52.900001525878906,51.900001525878906,52.65999984741211,44.663700103759766,12770300,0.0053314308896366056
2016-03-07,52.439998626708984,53.52000045776367,52.36000061035156,53.29999923706055,45.20650863647461,10171500,0.012079979364162177
2016-03-08,52.88999938964844,53.209999084472656,51.97999954223633,52.459999084472656,44.49406814575195,11684300,-0.01588519266239781
2016-03-09,52.40999984741211,52.52000045776367,51.7400016784668,51.95000076293945,44.06150817871094,13964500,-0.009769309291665107
2016-03-10,51.90999984741211,52.369998931884766,51.16999816894531,52.02000045776367,44.120872497558594,9539100,0.001346398846579303
2016-03-11,52.59000015258789,52.63999938964844,51.88999938964844,52.220001220703125,44.29050064086914,11404300,0.0038372518247337044
2016-03-14,52.2400016784668,52.40999984741211,51.7400016784668,52.09000015258789,44.18024826049805,7407200,-0.0024924042989330356
2016-03-15,51.75,51.83000183105469,50.97999954223633,51.630001068115234,43.79010009765625,12887600,-0.008870050605003286
2016-03-16,51.630001068115234,51.630001068115234,50.90999984741211,51.29999923706055,43.51021194458008,21052300,-0.006412098777084292
2016-03-17,51.150001525878906,51.689998626708984,51.119998931884766,51.380001068115234,43.578067779541016,10190400,0.0015583233222078788
2016-03-18,51.689998626708984,51.869998931884766,51.22999954223633,51.59000015258789,43.75617599487305,28991500,0.004078777225475511
2016-03-21,51.599998474121094,52.349998474121094,51.5099983215332,52.209999084472656,44.28202438354492,11796500,0.011946056143181113
2016-03-22,51.84000015258789,52.31999969482422,51.790000915527344,52.02000045776367,44.120872497558594,6623200,-0.003645854834577576
2016-03-23,52.119998931884766,52.15999984741211,50.810001373291016,50.9900016784668,43.247276306152344,9194600,-0.019998713931849155
2016-03-24,50.630001068115234,50.900001525878906,50.130001068115234,50.86000061035156,43.13703155517578,7527300,-0.002552426790434362
2016-03-28,50.43000030517578,50.61000061035156,49.95000076293945,50.189998626708984,42.568756103515625,9065200,-0.01326126963644134
2016-03-29,50.0,50.939998626708984,49.66999816894531,50.689998626708984,42.992835998535156,10462600,0.009912937740556379
2016-03-30,51.16999816894531,51.650001525878906,50.72999954223633,50.9900016784668,43.247276306152344,7142800,0.005900758686319305
2016-03-31,50.869998931884766,51.43000030517578,50.83000183105469,51.13999938964844,43.37450408935547,7315800,0.0029375492886813217
2016-04-01,51.08000183105469,51.11000061035156,50.0099983215332,50.880001068115234,43.153987884521484,9379800,-0.005096972735916067
2016-04-04,50.810001373291016,51.11000061035156,50.5099983215332,50.650001525878906,42.95890426635742,6289600,-0.004530888396144514
2016-04-05,50.439998626708984,50.529998779296875,50.0,50.06999969482422,42.466983795166016,6863300,-0.011517021825034909
2016-04-06,50.13999938964844,50.72999954223633,49.72999954223633,50.619998931884766,42.93345642089844,7631600,0.0109244697982896
2016-04-07,50.400001525878906,50.45000076293945,49.77000045776367,50.029998779296875,42.43304443359375,7532200,-0.011723983393001614
2016-04-08,50.369998931884766,51.150001525878906,50.25,50.560001373291016,42.882568359375,5584800,0.01053800285805037
2016-04-11,50.86000061035156,51.58000183105469,50.86000061035156,51.0,43.255760192871094,8637200,0.008664996750457394
2016-04-12,51.04999923706055,51.099998474121094,50.20000076293945,50.81999969482422,43.103092193603516,6116900,-0.0035356689925808886
2016-04-13,51.29999923706055,52.439998626708984,51.150001525878906,51.91999816894531,44.03605270385742,13813500,0.021413938875801602
2016-04-14,51.849998474121094,51.88999938964844,51.2400016784668,51.81999969482422,43.95124435424805,7921400,-0.0019277413605967545
2016-04-15,51.93000030517578,51.9900016784668,51.029998779296875,51.060001373291016,43.30664825439453,10143300,-0.014774774097612934
2016-04-18,51.09000015258789,51.72999954223633,50.939998626708984,51.54999923706055,43.72224044799805,7673100,0.0095507447900394
2016-04-19,51.72999954223633,51.93000030517578,51.29999923706055,51.83000183105469,43.95972442626953,9306400,0.005416953402607858
2016-04-20,51.93000030517578,52.540000915527344,51.810001373291016,52.09000015258789,44.18024826049805,11216900,0.005003956494610086
2016-04-21,51.29999923706055,51.79999923706055,50.7400016784668,51.66999816894531,43.82402420043945,16728600,-0.008095652532767433
2016-04-22,51.709999084472656,53.09000015258789,51.68000030517578,52.63999938964844,44.646724700927734,14029800,0.018598784930043553
2016-04-25,52.599998474121094,52.720001220703125,52.029998779296875,52.43000030517578,44.4686164855957,6941200,-0.00399725681599959
2016-04-26,52.540000915527344,52.959999084472656,52.45000076293945,52.90999984741211,44.875732421875,7600100,0.00911347520060393
2016-04-27,52.029998779296875,53.130001068115234,52.0099983215332,52.900001525878906,44.867252349853516,8256600,-0.00018898573673017895
2016-04-28,52.47999954223633,53.279998779296875,52.040000915527344,52.130001068115234,44.21416473388672,7795000,-0.014662975480489962
2016-04-29,51.83000183105469,52.0,50.11000061035156,50.52000045776367,42.84864807128906,11437400,-0.031371112552423946
2016-05-02,50.689998626708984,51.16999816894531,50.130001068115234,51.11000061035156,43.34906005859375,7123500,0.011610926090981825
2016-05-03,50.66999816894531,50.91999816894531,50.189998626708984,50.72999954223633,43.026756286621094,7848600,-0.007462858968666322
2016-05-04,50.189998626708984,50.880001068115234,50.150001525878906,50.4900016784668,42.823204040527344,11981800,-0.004742055249865418
2016-05-05,50.7400016784668,51.27000045776367,50.43000030517578,51.130001068115234,43.366024017333984,10189100,0.012596171613653158
2016-05-06,50.650001525878906,51.119998931884766,50.380001068115234,50.91999816894531,43.187904357910156,9434500,-0.004115813440516378
2016-05-09,51.0,51.599998474121094,50.790000915527344,51.20000076293945,43.42539596557617,7173600,0.0054839661338383465
2016-05-10,51.2599983215332,52.22999954223633,50.970001220703125,52.150001525878906,44.231136322021484,8199000,0.01838455229191031
2016-05-11,51.83000183105469,52.529998779296875,51.689998626708984,52.150001525878906,44.231136322021484,8324100,0.0
2016-05-12,52.33000183105469,52.529998779296875,51.36000061035156,51.5099983215332,43.68831253051758,9516000,-0.01234836423901547
2016-05-13,51.459999084472656,52.08000183105469,51.11000061035156,51.31999969482422,43.52717208862305,6975100,-0.0036952297165771253
2016-05-16,51.31999969482422,52.16999816894531,51.119998931884766,51.90999984741211,44.02758026123047,6823600,0.011430872864773975
2016-05-17,51.7400016784668,52.279998779296875,51.5,51.9900016784668,44.095436096191406,9386200,0.0015400255501181247
2016-05-18,52.06999969482422,53.34000015258789,52.0,52.790000915527344,44.773956298828125,10507200,0.01527035055110377
2016-05-19,52.709999084472656,53.08000183105469,52.2599983215332,52.7599983215332,44.748504638671875,8614000,-0.0005686094992354094
2016-05-20,52.970001220703125,54.58000183105469,52.869998931884766,54.52000045776367,46.24125671386719,14003600,0.03281437379592671
2016-05-23,54.20000076293945,54.86000061035156,54.150001525878906,54.18000030517578,45.9528923034668,9685300,-0.006255610661754224
2016-05-24,54.41999816894531,55.619998931884766,54.400001525878906,55.59000015258789,47.148780822753906,13097700,0.025691359926312114
2016-05-25,55.70000076293945,56.27000045776367,55.689998626708984,55.97999954223633,47.479557037353516,9266500,0.006991088912930245
2016-05-26,55.970001220703125,56.13999938964844,55.5099983215332,55.7400016784668,47.2760124206543,7020900,-0.004296210363974213
2016-05-27,55.33000183105469,55.38999938964844,55.02000045776367,55.27000045776367,47.3273811340332,5918200,0.0010859804600497254
2016-05-31,55.38999938964844,55.43000030517578,54.81999969482422,54.91999816894531,47.02767562866211,15093400,-0.006352738763456239
2016-06-01,54.5,54.970001220703125,54.45000076293945,54.790000915527344,46.91635513305664,12156800,-0.002369933391323809
2016-06-02,54.650001525878906,54.91999816894531,54.290000915527344,54.880001068115234,46.99342727661133,9036200,0.0016414085706767017
2016-06-03,54.9900016784668,55.0099983215332,54.470001220703125,54.939998626708984,47.0447998046875,10008100,0.0010925882969327716
2016-06-06,54.97999954223633,55.369998931884766,54.65999984741211,54.88999938964844,47.00198745727539,7905100,-0.0009104479082347621
2016-06-07,54.939998626708984,55.18000030517578,54.66999816894531,54.84000015258789,46.95917510986328,5400200,-0.0009112775790577664
2016-06-08,54.72999954223633,55.04999923706055,54.66999816894531,54.939998626708984,47.0447998046875,6314800,0.0018217254872925565
2016-06-09,54.400001525878906,55.040000915527344,54.189998626708984,54.97999954223633,47.07905578613281,8726200,0.0007278916220073275
2016-06-10,54.459999084472656,54.75,53.400001525878906,53.83000183105469,46.09431457519531,15791600,-0.02113861236106801
2016-06-13,53.599998474121094,53.900001525878906,52.7400016784668,52.83000183105469,45.23801803588867,12128900,-0.018751774015584637
2016-06-14,52.65999984741211,53.25,52.470001220703125,52.70000076293945,45.1266975402832,8887300,-0.002463805727897979
2016-06-15,53.04999923706055,53.560001373291016,52.66999816894531,53.279998779296875,45.62335968017578,8832400,0.01094582447431704
2016-06-16,52.970001220703125,53.470001220703125,52.47999954223633,53.41999816894531,45.743228912353516,5907500,0.002623919811361945
2016-06-17,53.72999954223633,53.81999969482422,53.099998474121094,53.54999923706055,45.85455322265625,14548800,0.00243072184763388
2016-06-20,54.16999816894531,54.65999984741211,53.86000061035156,53.88999938964844,46.145694732666016,8680800,0.00632916733089893
2016-06-21,54.25,54.25,53.599998474121094,53.880001068115234,46.13713455200195,6431700,-0.00018552055143883372
2016-06-22,53.900001525878906,54.970001220703125,53.900001525878906,54.040000915527344,46.274139404296875,8481600,0.0029651133851356006
2016-06-23,54.849998474121094,55.56999969482422,54.56999969482422,55.54999923706055,47.567142486572266,8952200,0.027558978121585063
2016-06-24,53.0099983215332,53.81999969482422,52.119998931884766,52.119998931884766,44.63005065917969,17018500,-0.06373482525314446
2016-06-27,52.290000915527344,52.290000915527344,50.84000015258789,51.13999938964844,43.790889739990234,11642700,-0.01898161478887665
2016-06-28,51.70000076293945,52.560001373291016,51.529998779296875,52.5099983215332,44.96399688720703,7470400,0.026436301426798963
2016-06-29,53.060001373291016,53.84000015258789,52.75,53.54999923706055,45.85455322265625,7126900,0.019612400329041376
2016-06-30,52.900001525878906,53.56999969482422,52.459999084472656,53.56999969482422,45.87168502807617,9254400,0.0003735420953882742
2016-07-01,52.9900016784668,53.38999938964844,52.84000015258789,53.0,45.38359069824219,6385000,-0.010697441447414406
2016-07-05,52.95000076293945,52.970001220703125,51.88999938964844,51.939998626708984,44.47591781616211,10626200,-0.020202731333105305
2016-07-06,51.56999969482422,52.529998779296875,51.15999984741211,52.369998931884766,44.84412384033203,7740700,0.008244691853494345
2016-07-07,52.58000183105469,53.380001068115234,52.40999984741211,52.93000030517578,45.32365417480469,5763300,0.010636501552966521
2016-07-08,53.4900016784668,54.33000183105469,53.31999969482422,54.189998626708984,46.402584075927734,6853900,0.023526085551693842
2016-07-11,53.959999084472656,54.709999084472656,53.939998626708984,54.119998931884766,46.342647552490234,6941600,-0.0012924984008139166
2016-07-12,54.45000076293945,54.7400016784668,54.209999084472656,54.619998931884766,46.770790100097656,7413700,0.009196214332629108
2016-07-13,54.90999984741211,55.0,54.630001068115234,54.83000183105469,46.95061111450195,5676400,0.0038373569480141716
2016-07-14,55.189998626708984,55.369998931884766,54.560001373291016,54.880001068115234,46.99342727661133,6601500,0.0009115248994450529
2016-07-15,54.86000061035156,54.86000061035156,54.16999816894531,54.75,46.882102966308594,10236900,-0.0023717439933389015
2016-07-18,55.13999938964844,55.650001525878906,54.97999954223633,55.349998474121094,47.3958854675293,9225900,0.010899417691810864
2016-07-19,55.72999954223633,55.900001525878906,54.95000076293945,55.13999938964844,47.216068267822266,8164200,-0.0038011563892171346
2016-07-20,55.36000061035156,55.95000076293945,55.040000915527344,55.81999969482422,47.798343658447266,17204300,0.012256723338531996
2016-07-21,59.79999923706055,60.470001220703125,59.130001068115234,59.93000030517578,51.317710876464844,33912300,0.07104494645118481
2016-07-22,60.209999084472656,61.18000030517578,59.83000183105469,61.150001525878906,52.36239242553711,12505700,0.020152698001737003
2016-07-25,60.959999084472656,60.970001220703125,60.150001525878906,60.72999954223633,52.002750396728516,9166200,-0.006892022425574919
2016-07-26,61.0,61.5,60.77000045776367,61.349998474121094,52.53364562988281,11272600,0.010157224041810037
2016-07-27,61.81999969482422,62.65999984741211,61.650001525878906,62.5099983215332,53.526954650878906,13395100,0.018731518805435717
2016-07-28,62.439998626708984,62.790000915527344,62.16999816894531,62.43000030517578,53.45845413208008,8514200,-0.0012805583291934722
2016-07-29,62.599998474121094,62.81999969482422,62.2400016784668,62.58000183105469,53.5869026184082,8291000,0.002399890137731858
2016-08-01,62.369998931884766,62.400001525878906,61.58000183105469,61.849998474121094,52.9617919921875,14606200,-0.01173393631645206
2016-08-02,61.7400016784668,61.95000076293945,60.02000045776367,60.599998474121094,51.89142608642578,14732800,-0.020417171888982313
2016-08-03,60.59000015258789,61.11000061035156,60.5,61.0099983215332,52.24251174926758,6448200,0.006742988892927033
2016-08-04,61.11000061035156,61.22999954223633,60.72999954223633,60.97999954223633,52.216819763183594,5169600,-0.0004919040976052996
2016-08-05,61.52000045776367,62.11000061035156,61.27000045776367,62.0,53.090240478515625,8320700,0.01658845555083292
2016-08-08,62.04999923706055,62.189998626708984,61.369998931884766,61.58000183105469,52.7305908203125,8410600,-0.006797358111085324
2016-08-09,61.90999984741211,62.439998626708984,61.83000183105469,61.9900016784668,53.08168029785156,5350300,0.0066361068005689975
2016-08-10,62.0,62.15999984741211,61.439998626708984,61.709999084472656,52.841915130615234,3836200,-0.0045271419604958705
2016-08-11,61.88999938964844,62.15999984741211,61.66999816894531,61.7400016784668,52.86759567260742,4988300,0.00048587004711793223
2016-08-12,61.540000915527344,61.9900016784668,61.279998779296875,61.709999084472656,52.841915130615234,4947700,-0.0004858700471179249
2016-08-15,61.79999923706055,62.4900016784668,61.79999923706055,62.43000030517578,53.45845413208008,6499000,0.011600070992559833
2016-08-16,62.08000183105469,62.5,61.7599983215332,62.06999969482422,53.15018081665039,7650600,-0.005783287156750711
2016-08-17,62.220001220703125,62.400001525878906,61.790000915527344,62.279998779296875,53.33000183105469,6812400,0.0033775521581689873
2016-08-18,62.349998474121094,63.040000915527344,62.18000030517578,63.040000915527344,53.98078918457031,7935900,0.012129168479930575
2016-08-19,62.61000061035156,62.84000015258789,62.0099983215332,62.7599983215332,53.741024017333984,7093000,-0.004451569390656388
2016-08-22,62.70000076293945,62.869998931884766,62.349998474121094,62.83000183105469,53.80097198486328,5720900,0.0011148756014799034
2016-08-23,63.0,63.689998626708984,62.83000183105469,63.09000015258789,54.02360153198242,5970600,0.004129482848406934
2016-08-24,62.91999816894531,63.2400016784668,62.470001220703125,62.61000061035156,53.61258316040039,6902400,-0.0076372155060286115
2016-08-25,62.66999816894531,62.959999084472656,62.58000183105469,62.63999938964844,53.638267517089844,4916700,0.00047895857269585995
2016-08-26,62.88999938964844,63.5099983215332,62.650001525878906,62.970001220703125,53.92085266113281,7255600,0.0052545203745694245
2016-08-29,62.41999816894531,63.09000015258789,62.369998931884766,62.97999954223633,54.387168884277344,5354700,0.008610980015941957
2016-08-30,63.0,63.5099983215332,62.709999084472656,62.939998626708984,54.35263442993164,5047600,-0.000635175978882119
2016-08-31,62.97999954223633,63.119998931884766,62.529998779296875,63.06999969482422,54.46489334106445,6516600,0.0020632512657880724
2016-09-01,62.869998931884766,63.5,62.5099983215332,63.470001220703125,54.81031799316406,6906300,0.0063221255472717145
2016-09-02,63.529998779296875,63.70000076293945,63.09000015258789,63.349998474121094,54.70668029785156,6325900,-0.001892632702979361
2016-09-06,63.119998931884766,63.38999938964844,62.880001068115234,63.09000015258789,54.48216247558594,5603000,-0.004112474003596314
2016-09-07,63.189998626708984,63.25,62.31999969482422,62.43000030517578,53.9122200012207,6281600,-0.010516185688497772
2016-09-08,62.029998779296875,62.810001373291016,62.0099983215332,62.689998626708984,54.13673400878906,7698100,0.004155789063380426
2016-09-09,62.0099983215332,62.290000915527344,60.5,60.52000045776367,52.2628173828125,10625600,-0.03522778792214816
2016-09-12,60.22999954223633,62.27000045776367,59.93000030517578,62.25,53.75676727294922,10158600,0.02818439231162197
2016-09-13,61.81999969482422,62.20000076293945,60.939998626708984,61.290000915527344,52.92775344848633,8397100,-0.015541720688385146
2016-09-14,61.290000915527344,61.95000076293945,61.040000915527344,61.59000015258789,53.18680953979492,5982400,0.004882583477009317
2016-09-15,61.95000076293945,62.66999816894531,61.54999923706055,62.540000915527344,54.0072021484375,8871200,0.015306986166230187
2016-09-16,62.880001068115234,63.439998626708984,62.369998931884766,62.9900016784668,54.39580535888672,14677700,0.0071696327254810515
2016-09-19,63.130001068115234,63.38999938964844,62.7599983215332,62.86000061035156,54.283546447753906,6759900,-0.002065874504989101
2016-09-20,63.27000045776367,63.29999923706055,62.529998779296875,62.70000076293945,54.14537048339844,5471400,-0.0025486935231603704
2016-09-21,63.099998474121094,63.63999938964844,62.90999984741211,63.56999969482422,54.89666748046875,7488600,0.01378016955484507
2016-09-22,63.709999084472656,64.0,63.36000061035156,63.52000045776367,54.85348892211914,7895700,-0.0007868519188073536
2016-09-23,63.0,63.56999969482422,62.66999816894531,62.75,54.18854904174805,7794700,-0.012196179291458734
2016-09-26,62.4900016784668,62.560001373291016,61.86000061035156,62.310001373291016,53.80858612060547,6207400,-0.007036566078110427
2016-09-27,62.529998779296875,63.36000061035156,62.439998626708984,63.310001373291016,54.672149658203125,5228300,0.015921384998300793
2016-09-28,63.22999954223633,63.689998626708984,63.0,63.45000076293945,54.79304122924805,5251900,0.0022087682707877822
2016-09-29,63.279998779296875,68.83000183105469,62.709999084472656,67.44999694824219,58.24729919433594,43098800,0.06113452458543905
2016-09-30,68.4000015258789,70.4000015258789,68.1500015258789,68.5,59.15403747558594,34879500,0.015447120738159997
2016-10-03,68.08000183105469,69.27999877929688,66.87000274658203,67.11000061035156,57.95368194580078,10153600,-0.02050074198209503
2016-10-04,67.69999694824219,67.69999694824219,66.55999755859375,66.68000030517578,57.58234405517578,9746400,-0.006428110471444092
2016-10-05,66.83999633789062,67.41999816894531,66.55000305175781,66.83999633789062,57.720516204833984,6362000,0.0023966832303389976
2016-10-06,66.80000305175781,69.31999969482422,66.2300033569336,67.54000091552734,58.32501220703125,12957200,0.010418350077392172
2016-10-07,67.52999877929688,68.33000183105469,67.48999786376953,68.19000244140625,58.88632583618164,8398100,0.009577877525469595
2016-10-10,68.33999633789062,68.58000183105469,67.05999755859375,67.25,58.074588775634766,7029800,-0.013880707013732337
2016-10-11,67.0,67.08999633789062,65.44999694824219,66.08999633789062,57.072845458984375,8910600,-0.017399755304225713
2016-10-12,66.48999786376953,66.48999786376953,65.05999755859375,66.05999755859375,57.046939849853516,6615700,-0.0004540073310816584
2016-10-13,65.55000305175781,66.05999755859375,64.30000305175781,65.69999694824219,56.736053466796875,7236600,-0.0054645628071588
2016-10-14,65.94000244140625,66.58999633789062,65.44999694824219,65.69999694824219,56.736053466796875,6743100,0.0
2016-10-17,65.52999877929688,65.70999908447266,65.08999633789062,65.19000244140625,56.295650482177734,6348200,-0.007792596198000975
2016-10-18,66.18000030517578,66.22000122070312,65.56999969482422,66.0999984741211,57.08147430419922,5966900,0.013862344938140713
2016-10-19,65.87999725341797,66.06999969482422,65.30999755859375,65.79000091552734,56.813785552978516,5414700,-0.0047006213332648015
2016-10-20,65.4800033569336,68.16999816894531,65.4800033569336,67.33999633789062,58.152305603027344,13579000,0.023286527736961417
2016-10-21,67.11000061035156,69.44000244140625,66.69999694824219,67.93000030517578,58.661800384521484,19676600,0.008723227524684816
2016-10-24,68.4000015258789,68.44999694824219,67.4800033569336,68.05999755859375,58.77406692504883,6669600,0.0019119639902106628
2016-10-25,67.9000015258789,68.25,67.4800033569336,67.70999908447266,58.471824645996094,5370000,-0.005155710694903364
2016-10-26,67.30999755859375,68.62000274658203,67.25,68.19999694824219,58.89496994018555,9241200,0.007210678780040445
2016-10-27,70.80000305175781,71.62000274658203,70.0,70.08999633789062,60.52709197998047,33941700,0.027335379111793078
2016-10-28,70.5199966430664,70.52999877929688,67.66000366210938,68.4000015258789,59.06767272949219,17952700,-0.02440728410153393
2016-10-31,69.0,69.51000213623047,68.68000030517578,68.72000122070312,59.34400939941406,10108300,0.004667397111676175
2016-11-01,69.0,69.3499984741211,67.54000091552734,68.33999633789062,59.015865325927734,8910100,-0.005544867548990534
2016-11-02,68.45999908447266,68.5999984741211,67.02999877929688,67.08999633789062,57.93641662597656,15183000,-0.0184601674478741
2016-11-03,67.69000244140625,68.56999969482422,65.93000030517578,66.94999694824219,57.81550979614258,15642500,-0.0020890688827925495
2016-11-04,65.73999786376953,67.41000366210938,65.73999786376953,66.7300033569336,57.62553787231445,8584300,-0.003291239973135638
2016-11-07,67.72000122070312,68.58000183105469,67.38999938964844,68.45999908447266,59.11948776245117,9205300,0.02559477694945836
2016-11-08,68.22000122070312,68.70999908447266,67.62999725341797,68.2699966430664,58.95541763305664,6696600,-0.0027790872995782107
2016-11-09,66.62999725341797,68.08999633789062,66.25,67.87999725341797,58.618629455566406,11604400,-0.0057289700741925765
2016-11-10,67.80999755859375,68.20999908447266,64.31999969482422,66.30999755859375,57.26283645629883,17774400,-0.02340071998011699
2016-11-11,65.87000274658203,67.0,65.83999633789062,66.87999725341797,57.755069732666016,10239800,0.008559298248814342
2016-11-14,67.41999816894531,67.41999816894531,65.93000030517578,65.93000030517578,56.93467330932617,8256800,-0.014306604839941485
2016-11-15,66.26000213623047,67.16000366210938,65.94999694824219,66.7699966430664,57.660064697265625,9615200,0.012660285969754404
2016-11-16,66.70999908447266,66.70999908447266,65.6500015258789,66.30000305175781,57.25419998168945,9552200,-0.007063812388184294
2016-11-17,66.44000244140625,66.7699966430664,66.16000366210938,66.66999816894531,57.57372283935547,6982500,0.005565261035950606
2016-11-18,66.68000030517578,67.45999908447266,65.94000244140625,67.30999755859375,58.126380920410156,9889300,0.009553358490795796
2016-11-21,66.86000061035156,67.19999694824219,66.1500015258789,67.0999984741211,57.94506072998047,7868900,-0.003124288547520055
2016-11-22,67.56999969482422,68.5999984741211,67.04000091552734,68.30999755859375,58.98994827270508,9803600,0.017871728283876804
2016-11-23,68.33000183105469,68.5,67.75,68.12999725341797,58.83451843261719,4820300,-0.0026383302991917013
2016-11-25,68.16000366210938,68.41999816894531,67.70999908447266,68.29000091552734,58.97268295288086,4200100,0.0023456050561528083
2016-11-28,67.41999816894531,67.69999694824219,66.80000305175781,67.0999984741211,58.39828872680664,8225200,-0.009787749107447057
2016-11-29,67.2300033569336,67.54000091552734,66.62999725341797,66.7699966430664,58.11106491088867,6544900,-0.004930495085798221
2016-11-30,66.80000305175781,68.30999755859375,66.5,68.12999725341797,59.29470443725586,12470000,0.020163909093494897
2016-12-01,67.72000122070312,67.91999816894531,63.779998779296875,64.16000366210938,55.83954620361328,16563900,-0.060037669094402016
2016-12-02,63.95000076293945,66.33000183105469,63.95000076293945,65.83999633789062,57.30167007446289,9687000,0.025847437752166087
2016-12-05,66.37999725341797,66.94000244140625,65.69000244140625,66.36000061035156,57.75424575805664,8708200,0.007867096872358663
2016-12-06,66.6500015258789,67.4800033569336,66.5,67.44999694824219,58.7028923034668,6701800,0.016292131932159552
2016-12-07,67.3499984741211,68.33999633789062,66.95999908447266,68.33999633789062,59.47747039794922,7202700,0.01310859382041678
2016-12-08,68.41999816894531,69.18000030517578,68.37000274658203,68.55000305175781,59.66024398803711,5552600,0.003068276648089606
2016-12-09,68.61000061035156,68.88999938964844,67.80000305175781,68.5199966430664,59.63412857055664,5551800,-0.00043783151438816153
2016-12-12,68.37000274658203,68.6500015258789,67.91999816894531,68.47000122070312,59.59061813354492,5615200,-0.0007298893920293928
2016-12-13,68.72000122070312,70.23999786376953,68.48999786376953,69.33999633789062,60.34779357910156,8494200,0.012626238648879913
2016-12-14,68.63999938964844,69.18000030517578,67.3499984741211,67.55999755859375,58.79861831665039,9957700,-0.02600602985027636
2016-12-15,68.0999984741211,68.7699966430664,67.30999755859375,68.02999877929688,59.207672119140625,7162400,0.006932773487801693
2016-12-16,68.48999786376953,68.48999786376953,66.30000305175781,66.45999908447266,57.841270446777344,18155600,-0.023348587643400344
2016-12-19,66.79000091552734,67.43000030517578,66.63999938964844,67.0199966430664,58.32864761352539,7884700,0.008390812947019159
2016-12-20,67.37999725341797,67.55999755859375,66.7699966430664,66.91000366210938,58.23291778564453,6685400,-0.0016425628649784512
2016-12-21,67.06999969482422,67.3499984741211,66.81999969482422,67.16000366210938,58.45050048828125,5211400,0.003729458016386751
2016-12-22,67.63999938964844,67.75,66.45999908447266,66.76000213623047,58.10237121582031,5900200,-0.005973774865404721
2016-12-23,66.88999938964844,66.94000244140625,66.5199966430664,66.86000061035156,58.189388275146484,3088100,0.0014965303809551182
2016-12-27,67.13999938964844,67.58000183105469,67.05999755859375,67.25,58.528831481933594,3028200,0.005816472603476898
2016-12-28,66.6500015258789,67.06999969482422,65.69999694824219,65.75,57.22334289550781,6547200,-0.0225575709567736
2016-12-29,65.5,66.08000183105469,65.41999816894531,66.04000091552734,57.475738525390625,3700800,0.0044010123558386885
2016-12-30,66.25,66.3499984741211,65.04000091552734,65.19999694824219,56.74467849731445,5941900,-0.012801039080962926
2017-01-03,65.86000061035156,66.13999938964844,64.5999984741211,65.4000015258789,56.918739318847656,9519800,0.003062743685537127
2017-01-04,65.66999816894531,65.94999694824219,65.26000213623047,65.47000122070312,56.97965621948242,6221700,0.0010696710196003794
2017-01-05,65.22000122070312,65.9800033569336,65.05000305175781,65.55000305175781,57.04928970336914,5998900,0.0012213301101554822
2017-01-06,65.4800033569336,65.87000274658203,64.86000061035156,65.52999877929688,57.03187561035156,6749400,-0.000305293044736114
2017-01-09,65.52999877929688,66.2699966430664,65.48999786376953,65.6500015258789,57.13631820678711,4769200,0.001829627360809089
2017-01-10,65.94999694824219,66.16000366210938,65.56999969482422,65.62999725341797,57.11890411376953,6076000,-0.000304827959698277
2017-01-11,65.75,66.11000061035156,65.41999816894531,66.0999984741211,57.527950286865234,8349800,0.00713578948039414
2017-01-12,65.3499984741211,66.18000030517578,65.05000305175781,66.12000274658203,57.54536437988281,6113600,0.00030266084193275665
2017-01-13,66.25,67.08000183105469,66.16000366210938,66.87999725341797,58.20681381225586,6177400,0.011428841210208877
2017-01-17,66.70999908447266,66.97000122070312,63.150001525878906,64.19000244140625,55.865665435791016,22426300,-0.041052446270951636
2017-01-18,64.66999816894531,66.08999633789062,63.810001373291016,65.12999725341797,56.683753967285156,15883200,0.014537666101513936
2017-01-19,64.97000122070312,65.4000015258789,64.36000061035156,64.44000244140625,56.08323669433594,9429200,-0.010650686804027053
2017-01-20,65.19000244140625,65.73999786376953,62.619998931884766,62.880001068115234,54.725547790527344,20936900,-0.024506303487061776
2017-01-23,58.66999816894531,58.66999816894531,53.77000045776367,54.880001068115234,47.763004302978516,94436000,-0.13607928196380442
2017-01-24,55.02000045776367,55.77000045776367,54.70000076293945,55.0,47.8674430847168,41751800,0.002184216975087075
2017-01-25,56.099998474121094,56.97999954223633,55.5,56.900001525878906,49.52104568481445,27307900,0.033962156319988064
2017-01-26,55.349998474121094,55.4900016784668,53.5,54.04999923706055,47.0406379699707,37888200,-0.05138587878205779
2017-01-27,54.650001525878906,54.7599983215332,54.0,54.2400016784668,47.20599365234375,23474400,0.0035090029043323067
2017-01-30,54.38999938964844,54.400001525878906,53.54999923706055,53.61000061035156,46.6577033996582,14853900,-0.011682823203464627
2017-01-31,53.61000061035156,53.63999938964844,52.83000183105469,53.43000030517578,46.501041412353516,13995400,-0.0033633371789477825
2017-02-01,53.63999938964844,53.81999969482422,52.86000061035156,53.150001525878906,46.257354736328125,16102100,-0.005254235665219591
2017-02-02,52.95000076293945,53.099998474121094,52.369998931884766,52.65999984741211,45.83090591430664,14481200,-0.009261807475583236
2017-02-03,52.95000076293945,53.220001220703125,52.75,52.97999954223633,46.10939025878906,10965300,0.006057957342856342
2017-02-06,53.310001373291016,53.40999984741211,52.81999969482422,52.880001068115234,46.02237319946289,8215100,-0.0018889703601557065
2017-02-07,53.220001220703125,53.279998779296875,52.7599983215332,53.27000045776367,46.36178970336914,10374100,0.007347970050421719
2017-02-08,53.38999938964844,53.38999938964844,52.720001220703125,52.88999938964844,46.031070709228516,9229000,-0.007159003523539007
2017-02-09,52.90999984741211,53.099998474121094,52.7599983215332,52.880001068115234,46.02237319946289,7615100,-0.00018896652688270296
2017-02-10,53.099998474121094,54.279998779296875,52.93000030517578,54.0,46.99711608886719,14042200,0.020958587867117625
2017-02-13,54.58000183105469,55.130001068115234,54.2599983215332,54.93000030517578,47.8065185546875,14516200,0.01707576162051624
2017-02-14,55.43000030517578,55.52000045776367,54.81999969482422,55.47999954223633,48.28519821166992,13072000,0.009963056809945291
2017-02-15,55.630001068115234,56.5,55.4900016784668,56.4900016784668,49.164207458496094,14149200,0.018040809620940047
2017-02-16,56.58000183105469,56.900001525878906,56.45000076293945,56.880001068115234,49.50363540649414,11622900,0.006880241365775958
2017-02-17,56.849998474121094,56.939998626708984,56.04999923706055,56.459999084472656,49.13810729980469,12456600,-0.00741125956954636
2017-02-21,56.83000183105469,57.189998626708984,56.58000183105469,56.75,49.39049530029297,9878200,0.005123152990237579
2017-02-22,56.779998779296875,57.099998474121094,56.47999954223633,57.099998474121094,49.69510269165039,8711500,0.006148388002114487
2017-02-23,57.0099983215332,57.310001373291016,56.77000045776367,57.13999938964844,49.72991180419922,10152800,0.0007002083760822956
2017-02-24,57.02000045776367,57.22999954223633,56.5,57.220001220703125,49.79955291748047,10644800,0.0013994071974781795
2017-02-27,56.560001373291016,56.97999954223633,56.310001373291016,56.72999954223633,49.834686279296875,7127600,0.0007052467817457051
2017-02-28,56.4900016784668,56.52000045776367,55.88999938964844,56.47999954223633,49.61506271362305,10388200,-0.004416781840713499
2017-03-01,56.93000030517578,57.08000183105469,56.27000045776367,57.0099983215332,50.08064651489258,11082400,0.009340164980230289
2017-03-02,56.95000076293945,57.150001525878906,56.2400016784668,56.369998931884766,49.51844024658203,8451700,-0.011289505914472297
2017-03-03,56.52000045776367,56.56999969482422,56.0,56.439998626708984,49.57994079589844,6971400,0.0012412020572887981
2017-03-06,56.27000045776367,56.560001373291016,56.06999969482422,56.45000076293945,49.588714599609375,7241600,0.00017694711496979537
2017-03-07,56.599998474121094,56.81999969482422,56.189998626708984,56.72999954223633,49.834686279296875,7131700,0.0049479736026970126
2017-03-08,56.91999816894531,58.08000183105469,56.79999923706055,57.77000045776367,50.74827575683594,13201700,0.01816638889854426
2017-03-09,57.650001525878906,58.099998474121094,57.400001525878906,57.970001220703125,50.92396545410156,9875600,0.0034560047077243183
2017-03-10,58.36000061035156,58.790000915527344,58.29999923706055,58.63999938964844,51.51253128051758,9752000,0.011491457088363724
2017-03-13,59.029998779296875,59.040000915527344,58.20000076293945,58.459999084472656,51.35441207885742,7737900,-0.0030742495310649236
2017-03-14,58.380001068115234,58.380001068115234,57.720001220703125,58.220001220703125,51.143577575683594,6276900,-0.004113930453440438
2017-03-15,58.41999816894531,58.75,58.18000030517578,58.52000045776367,51.40711975097656,9029500,0.005139755503003186
2017-03-16,58.29999923706055,58.72999954223633,58.15999984741211,58.349998474121094,51.25777816772461,7206200,-0.002909303795468609
2017-03-17,58.56999969482422,58.61000061035156,57.5099983215332,57.54999923706055,50.55500793457031,20057800,-0.0138053661364633
2017-03-20,57.790000915527344,58.06999969482422,57.59000015258789,57.810001373291016,50.783416748046875,7498200,0.004507849830458024
2017-03-21,57.93000030517578,58.099998474121094,56.7400016784668,56.79999923706055,49.89617156982422,10092600,-0.017625581556502026
2017-03-22,56.72999954223633,57.130001068115234,56.099998474121094,57.040000915527344,50.106998443603516,9129700,0.004216410061659224
2017-03-23,57.15999984741211,57.27000045776367,56.59000015258789,56.810001373291016,49.90496063232422,7718700,-0.004040278542331013
2017-03-24,57.470001220703125,57.470001220703125,56.63999938964844,56.91999816894531,50.0015869140625,5621400,0.001934333919844029
2017-03-27,56.720001220703125,56.939998626708984,56.47999954223633,56.65999984741211,49.773193359375,4726300,-0.004578190059361663
2017-03-28,56.66999816894531,57.61000061035156,56.66999816894531,57.380001068115234,50.40567398071289,5953500,0.012627194576797751
2017-03-29,57.09000015258789,57.369998931884766,56.86000061035156,57.36000061035156,50.38811111450195,4042600,-0.0003484910576994869
2017-03-30,57.36000061035156,57.650001525878906,57.189998626708984,57.20000076293945,50.24755859375,6359000,-0.0027932961056028292
2017-03-31,57.459999084472656,57.689998626708984,56.970001220703125,57.34000015258789,50.37053680419922,10065000,0.002444456361442543
2017-04-03,57.2599983215332,57.34000015258789,56.040000915527344,56.5,49.63264465332031,11343500,-0.01475764134858163
2017-04-04,56.29999923706055,56.90999984741211,56.25,56.68000030517578,49.79075622558594,7123900,0.0031805732685979498
2017-04-05,56.79999923706055,57.529998779296875,56.41999816894531,56.470001220703125,49.60628128051758,7857700,-0.00371188440835144
2017-04-06,56.439998626708984,56.72999954223633,56.13999938964844,56.529998779296875,49.65898895263672,5757800,0.001061956048651485
2017-04-07,56.58000183105469,56.599998474121094,56.189998626708984,56.31999969482422,49.47451400756836,5229800,-0.0037217520312845765
2017-04-10,56.43000030517578,56.810001373291016,56.27000045776367,56.52000045776367,49.65020751953125,6039800,0.0035449016802535475
2017-04-11,56.31999969482422,56.36000061035156,54.720001220703125,55.349998474121094,48.622413635253906,17301800,-0.020917959627123152
2017-04-12,54.63999938964844,54.650001525878906,53.119998931884766,53.38999938964844,46.90065383911133,24822200,-0.03605299401599117
2017-04-13,53.130001068115234,53.68000030517578,52.779998779296875,52.790000915527344,46.37357711791992,17014400,-0.011301778123971496
2017-04-17,52.9900016784668,53.130001068115234,52.75,52.88999938964844,46.46141815185547,10471700,0.0018924126595829878
2017-04-18,52.599998474121094,52.97999954223633,52.38999938964844,52.66999816894531,46.268157958984375,11262800,-0.00416825959507906
2017-04-19,53.0,53.099998474121094,52.29999923706055,52.61000061035156,46.215450286865234,15441500,-0.0011398274532182927
2017-04-20,53.220001220703125,53.400001525878906,51.400001525878906,52.65999984741211,46.25938034057617,24664600,0.0009500975934198379
2017-04-21,52.77000045776367,52.79999923706055,52.209999084472656,52.5,46.11882400512695,10951500,-0.003043065080345434
2017-04-24,53.0099983215332,53.25,52.75,52.810001373291016,46.391143798828125,10784400,0.005887378122449744
2017-04-25,53.16999816894531,53.4900016784668,52.959999084472656,53.0,46.55804443359375,11688700,0.0035912269340849486
2017-04-26,53.20000076293945,53.29999923706055,52.90999984741211,53.040000915527344,46.59318923950195,7373800,0.0007545752469391224
2017-04-27,53.2400016784668,53.34000015258789,52.90999984741211,53.209999084472656,46.742523193359375,6956200,0.0031999344600544626
2017-04-28,51.79999923706055,53.95000076293945,51.04999923706055,53.7400016784668,47.20810317993164,34374100,0.009911244146120247
2017-05-01,53.650001525878906,53.70000076293945,53.099998474121094,53.599998474121094,47.08512878417969,12987700,-0.002608341296850149
2017-05-02,53.650001525878906,53.72999954223633,52.900001525878906,53.290000915527344,46.812801361083984,10445400,-0.005800515224013008
2017-05-03,53.40999984741211,54.77000045776367,53.25,54.4900016784668,47.866947174072266,18428300,0.02226852923474307
2017-05-04,54.72999954223633,55.0,54.5,54.90999984741211,48.235897064208984,11993400,0.007678268124195141
2017-05-05,54.93000030517578,55.0,54.70000076293945,54.93000030517578,48.25346374511719,9108800,0.00036411643636028346
2017-05-08,54.9900016784668,55.0,54.560001373291016,54.619998931884766,47.981143951416016,7033400,-0.005659513289200437
2017-05-09,54.689998626708984,55.189998626708984,54.630001068115234,55.150001525878906,48.44672393798828,8332900,0.009656619288867753
2017-05-10,55.220001220703125,55.43000030517578,54.86000061035156,55.33000183105469,48.6048469543457,8517700,0.0032585388328503963
2017-05-11,55.25,55.29999923706055,54.40999984741211,54.68000030517578,48.03385543823242,13514700,-0.011817173589153561
2017-05-12,54.5,55.349998474121094,54.400001525878906,55.31999969482422,48.59605407714844,9107600,0.011636251866660379
2017-05-15,55.08000183105469,55.4900016784668,55.08000183105469,55.400001525878906,48.66633605957031,10686100,0.0014452039386599657
2017-05-16,55.38999938964844,55.97999954223633,55.099998474121094,55.95000076293945,49.14949417114258,9599300,0.009879015286352474
2017-05-17,55.63999938964844,56.08000183105469,55.29999923706055,55.36000061035156,48.63120651245117,14811300,-0.010601120854838459
2017-05-18,55.58000183105469,56.310001373291016,55.02000045776367,56.119998931884766,49.298828125,13125300,0.013634876329985281
2017-05-19,56.4900016784668,57.790000915527344,56.20000076293945,57.66999816894531,50.66042709350586,16643800,0.027244764642217787
2017-05-22,58.38999938964844,59.540000915527344,58.380001068115234,59.279998779296875,52.074737548828125,20771500,0.027534872141087484
2017-05-23,59.380001068115234,59.88999938964844,59.130001068115234,59.220001220703125,52.022037506103516,14223400,-0.0010125202668215035
2017-05-24,59.279998779296875,59.619998931884766,58.56999969482422,58.63999938964844,51.51253128051758,8592600,-0.009842323092581479
2017-05-25,58.650001525878906,58.95000076293945,58.2599983215332,58.45000076293945,51.34562301635742,9556500,-0.0032454094048333473
2017-05-26,57.65999984741211,57.97999954223633,57.369998931884766,57.52000045776367,51.026268005371094,8261900,-0.006239135445371175
2017-05-30,57.279998779296875,57.7400016784668,57.16999816894531,57.34000015258789,50.8665885925293,11553700,-0.003134263752972052
2017-05-31,57.2599983215332,57.72999954223633,57.0,57.27000045776367,50.80448532104492,14082600,-0.0012216508947452108
2017-06-01,57.45000076293945,58.650001525878906,57.349998474121094,58.619998931884766,52.00208282470703,11560100,0.023299127692431695
2017-06-02,58.88999938964844,58.959999084472656,58.349998474121094,58.58000183105469,51.96659851074219,9538000,-0.0006825962373831564
2017-06-05,58.5,59.04999923706055,58.47999954223633,58.86000061035156,52.21498107910156,7960800,0.004768271703075018
2017-06-06,58.599998474121094,58.90999984741211,58.18000030517578,58.20000076293945,51.62949752807617,7871500,-0.011276280891798527
2017-06-07,58.29999923706055,58.4900016784668,57.130001068115234,57.529998779296875,51.03513717651367,10126500,-0.011578806931676412
2017-06-08,57.77000045776367,58.150001525878906,57.61000061035156,58.119998931884766,51.55852508544922,10322200,0.010203212128696112
2017-06-09,58.369998931884766,58.4900016784668,56.7400016784668,57.04999923706055,50.60932922363281,13624800,-0.01858164056393319
2017-06-12,56.52000045776367,57.68000030517578,56.47999954223633,57.4900016784668,50.999656677246094,9985100,0.007682969575419474
2017-06-13,57.95000076293945,58.06999969482422,57.5,57.540000915527344,51.04400634765625,7111500,0.0008692293453192005
2017-06-14,57.70000076293945,57.970001220703125,56.66999816894531,57.0099983215332,50.5738410949707,6740000,-0.009253662019898919
2017-06-15,56.41999816894531,57.16999816894531,56.400001525878906,56.93000030517578,50.50287628173828,5416600,-0.0014041774749794353
2017-06-16,56.97999954223633,57.0099983215332,56.349998474121094,56.81999969482422,50.40529251098633,14555600,-0.0019341110306420545
2017-06-19,56.959999084472656,57.65999984741211,56.90999984741211,57.61000061035156,51.106101989746094,7166200,0.01380772309295378
2017-06-20,57.459999084472656,57.61000061035156,56.5099983215332,56.790000915527344,50.378684997558594,8181600,-0.014335733887996112
2017-06-21,56.790000915527344,56.84000015258789,56.119998931884766,56.33000183105469,49.970611572265625,8324900,-0.008133104837913728
2017-06-22,56.2400016784668,56.75,56.060001373291016,56.470001220703125,50.09480285644531,5560100,0.0024822032398313467
2017-06-23,56.63999938964844,57.439998626708984,56.56999969482422,56.90999984741211,50.48512649536133,11847900,0.007761500746386731
2017-06-26,57.09000015258789,57.689998626708984,56.209999084472656,56.560001373291016,50.174644470214844,7339100,-0.006168959194145717
2017-06-27,56.290000915527344,56.33000183105469,55.40999984741211,55.43000030517578,49.17222213745117,6814400,-0.020180935507173856
2017-06-28,55.400001525878906,56.31999969482422,55.18000030517578,56.15999984741211,49.81979751586914,7542400,0.01308357215692246
2017-06-29,55.93000030517578,55.93000030517578,54.54999923706055,55.08000183105469,48.86174011230469,8456900,-0.019417766065187896
2017-06-30,55.599998474121094,55.630001068115234,55.029998779296875,55.220001220703125,48.98592758178711,8781900,0.0025383852081815833
2017-07-03,55.529998779296875,56.02000045776367,54.91999816894531,54.95000076293945,48.746402740478516,4379600,-0.004901659872278061
2017-07-05,55.0099983215332,55.560001373291016,54.779998779296875,55.45000076293945,49.1899528503418,6823800,0.009057987503238878
2017-07-06,55.02000045776367,55.22999954223633,54.7400016784668,54.790000915527344,48.60447311401367,5663000,-0.011973826231500069
2017-07-07,55.040000915527344,55.72999954223633,54.869998931884766,55.349998474121094,49.10124588012695,5356000,0.010168842765141543
2017-07-10,55.369998931884766,55.88999938964844,55.189998626708984,55.63999938964844,49.35850524902344,5098100,0.005225687682092718
2017-07-11,55.630001068115234,55.630001068115234,55.02000045776367,55.33000183105469,49.08350372314453,6124900,-0.005587091204477214
2017-07-12,55.790000915527344,56.310001373291016,55.720001220703125,56.20000076293945,49.85528564453125,6126800,0.015601516473697237
2017-07-13,56.380001068115234,56.52000045776367,56.16999816894531,56.22999954223633,49.881900787353516,6219200,0.000533705519599733
2017-07-14,56.5,56.93000030517578,56.150001525878906,56.810001373291016,50.39641189575195,4440100,0.010261752708273848
2017-07-17,56.72999954223633,56.91999816894531,56.38999938964844,56.459999084472656,50.08592987060547,5123600,-0.006179852256860997
2017-07-18,56.34000015258789,56.380001068115234,56.0,56.290000915527344,49.93513107299805,7441000,-0.003015343177600444
2017-07-19,56.459999084472656,56.939998626708984,56.0099983215332,56.779998779296875,50.36980438232422,8783700,0.008667091571303657
2017-07-20,55.11000061035156,55.43000030517578,53.459999084472656,53.970001220703125,47.87704086303711,35943900,-0.0507558005500889
2017-07-21,53.65999984741211,54.0,53.369998931884766,53.84000015258789,47.76172637939453,12113100,-0.0024114601818547208
2017-07-24,53.75,53.880001068115234,53.09000015258789,53.220001220703125,47.21171569824219,8832200,-0.011582539665974056
2017-07-25,53.20000076293945,53.650001525878906,53.06999969482422,53.27000045776367,47.256072998046875,7112100,0.0009390990024592754
2017-07-26,53.290000915527344,53.349998474121094,52.7400016784668,53.13999938964844,47.140743255615234,7581500,-0.0024435103723288113
2017-07-27,53.08000183105469,53.369998931884766,52.22999954223633,52.4900016784668,46.564125061035156,14069200,-0.012307268197017865
2017-07-28,52.27000045776367,52.9900016784668,52.27000045776367,52.880001068115234,46.91010284423828,6644300,0.007402668540961468
2017-07-31,53.099998474121094,53.29999923706055,52.75,53.189998626708984,47.185096740722656,11302700,0.005845031002928635
2017-08-01,53.29999923706055,53.43000030517578,52.90999984741211,53.40999984741211,47.3802604675293,9372100,0.0041276004163313595
2017-08-02,53.29999923706055,53.38999938964844,52.779998779296875,53.16999816894531,47.167362213134766,23084000,-0.004503521255986568
2017-08-03,53.15999984741211,53.34000015258789,52.75,52.95000076293945,46.972198486328125,8643500,-0.004146269750013087
2017-08-04,53.0,53.0,52.5099983215332,52.619998931884766,46.679447174072266,8677900,-0.0062519406626387304
2017-08-07,52.5,52.849998474121094,52.4900016784668,52.70000076293945,46.75041198730469,6561800,0.0015191037965033563
2017-08-08,52.54999923706055,53.33000183105469,52.209999084472656,52.290000915527344,46.3867073059082,10462200,-0.007810130545810024
2017-08-09,52.04999923706055,52.79999923706055,52.0,52.77000045776367,46.81251525878906,8085300,0.009137649520103076
2017-08-10,52.540000915527344,52.75,52.11000061035156,52.34000015258789,46.431060791015625,10768000,-0.008181938358483822
2017-08-11,52.38999938964844,53.130001068115234,52.290000915527344,52.720001220703125,46.768157958984375,5894200,0.007233936990221065
2017-08-14,53.040000915527344,53.63999938964844,52.90999984741211,53.54999923706055,47.50445556640625,8118200,0.015620922174983044
2017-08-15,53.65999984741211,54.08000183105469,53.349998474121094,53.869998931884766,47.788326263427734,7876300,0.0059578812008168475
2017-08-16,54.060001373291016,54.099998474121094,53.2599983215332,53.310001373291016,47.29155731201172,7414900,-0.010449602020605311
2017-08-17,53.189998626708984,53.40999984741211,52.27000045776367,52.27000045776367,46.368961334228516,6589400,-0.019701488587888116
2017-08-18,52.2599983215332,52.41999816894531,51.900001525878906,51.91999816894531,46.05846405029297,6696400,-0.006718751510650955
2017-08-21,52.0,52.08000183105469,51.5,51.97999954223633,46.1117057800293,5205700,0.0011552921244726865
2017-08-22,52.209999084472656,52.619998931884766,52.209999084472656,52.349998474121094,46.439937591552734,4443300,0.0070929737319499085
2017-08-23,52.29999923706055,52.40999984741211,51.779998779296875,52.22999954223633,46.33347702026367,5259300,-0.0022950673630973716
2017-08-24,52.369998931884766,52.709999084472656,52.2599983215332,52.4900016784668,46.564125061035156,6198600,0.00496565055590294
2017-08-25,52.779998779296875,52.849998474121094,52.02000045776367,52.029998779296875,46.15605926513672,8684700,-0.008802148820808032
2017-08-28,51.77000045776367,51.810001373291016,51.459999084472656,51.810001373291016,46.46998977661133,4519000,0.006778475747468213
2017-08-29,51.310001373291016,51.86000061035156,51.279998779296875,51.810001373291016,46.46998977661133,4980900,0.0
2017-08-30,52.22999954223633,52.290000915527344,51.560001373291016,52.119998931884766,46.7480354309082,4876200,0.005965508886330232
2017-08-31,52.2599983215332,52.59000015258789,52.119998931884766,52.27000045776367,46.8825798034668,8215800,0.0028739417086605487
2017-09-01,52.529998779296875,52.77000045776367,51.93000030517578,52.04999923706055,46.685245513916016,5301300,-0.004218000823565062
2017-09-05,51.86000061035156,51.900001525878906,49.83000183105469,50.029998779296875,44.87344741821289,17811100,-0.03958192458144384
2017-09-06,50.189998626708984,50.77000045776367,49.83000183105469,50.45000076293945,45.25016403198242,16206900,0.008360046868462449
2017-09-07,50.560001373291016,50.689998626708984,50.25,50.380001068115234,45.18737030029297,10035500,-0.0013886654969971037
2017-09-08,50.349998474121094,50.45000076293945,48.91999816894531,49.63999938964844,44.52364730834961,12809400,-0.014797181441807162
2017-09-11,49.939998626708984,50.66999816894531,49.90999984741211,50.56999969482422,45.35779571533203,7473500,0.018561614680953614
2017-09-12,50.599998474121094,51.06999969482422,50.52000045776367,50.900001525878906,45.65378189086914,4526800,0.006504386075845266
2017-09-13,50.79999923706055,51.11000061035156,50.720001220703125,51.0099983215332,45.75244140625,6191400,0.0021587053952116493
2017-09-14,50.970001220703125,51.59000015258789,50.66999816894531,51.47999954223633,46.17399978637695,7741300,0.00917171011489628
2017-09-15,51.95000076293945,52.290000915527344,51.439998626708984,52.189998626708984,46.81081771850586,13177900,0.013697459560725388
2017-09-18,52.2400016784668,52.369998931884766,51.959999084472656,52.25,46.86463928222656,6002700,0.001149107169931613
2017-09-19,52.400001525878906,52.5,52.060001373291016,52.29999923706055,46.90948486328125,5825200,0.0009564596818604382
2017-09-20,52.43000030517578,52.52000045776367,51.47999954223633,51.97999954223633,46.62246322631836,8400300,-0.0061374224269805985
2017-09-21,51.86000061035156,52.20000076293945,51.709999084472656,52.029998779296875,46.66730880737305,5750600,0.0009614255353280881
2017-09-22,51.81999969482422,52.22999954223633,51.779998779296875,52.09000015258789,46.72113037109375,4105100,0.0011526388095357786
2017-09-25,51.900001525878906,52.290000915527344,51.61000061035156,51.619998931884766,46.299564361572266,8178400,-0.009063980803447228
2017-09-26,51.75,51.869998931884766,50.849998474121094,51.130001068115234,45.860069274902344,9378800,-0.009537764008453955
2017-09-27,51.43000030517578,51.61000061035156,51.150001525878906,51.54999923706055,46.236785888671875,8200600,0.00818092461805333
2017-09-28,51.380001068115234,52.040000915527344,51.310001373291016,51.75,46.41617202758789,5732900,0.0038722209650876574
2017-09-29,51.90999984741211,52.040000915527344,51.619998931884766,51.84000015258789,46.49689865112305,5371200,0.00173768110898805
2017-10-02,52.09000015258789,52.15999984741211,51.70000076293945,51.880001068115234,46.532772064208984,4439200,0.000771225235737867
2017-10-03,51.9900016784668,52.220001220703125,51.650001525878906,52.02000045776367,46.65834426879883,4378000,0.002694941010055688
2017-10-04,51.93000030517578,52.119998931884766,51.66999816894531,51.959999084472656,46.60452651977539,4587700,-0.0011541089083364087
2017-10-05,52.16999816894531,52.43000030517578,51.959999084472656,52.349998474121094,46.954322814941406,5179100,0.0074776021198047025
2017-10-06,52.15999984741211,52.630001068115234,52.15999984741211,52.4900016784668,47.079898834228516,4795300,0.0026708594325418927
2017-10-09,52.68000030517578,52.97999954223633,52.380001068115234,52.880001068115234,47.429710388183594,5817500,0.007402700197443172
2017-10-10,52.95000076293945,53.900001525878906,52.900001525878906,53.869998931884766,48.317665100097656,8761700,0.01854839707356508
2017-10-11,53.790000915527344,54.380001068115234,53.65999984741211,54.119998931884766,48.541900634765625,9427300,0.0046301247288150806
2017-10-12,53.880001068115234,54.18000030517578,52.959999084472656,53.0,47.53733825683594,7062300,-0.020911884768431185
2017-10-13,53.380001068115234,53.380001068115234,52.7400016784668,52.81999969482422,47.37588882446289,7005600,-0.003402046122646272
2017-10-16,52.97999954223633,53.0,52.310001373291016,52.380001068115234,46.981231689453125,5930900,-0.00836522849085117
2017-10-17,52.31999969482422,52.439998626708984,51.849998474121094,52.40999984741211,47.008140563964844,7662900,0.0005725939986995967
2017-10-18,52.540000915527344,52.66999816894531,52.02000045776367,52.209999084472656,46.82875442504883,6032600,-0.0038233651584696723
2017-10-19,52.029998779296875,52.400001525878906,52.0099983215332,52.290000915527344,46.900508880615234,6825200,0.0015311006841065302
2017-10-20,52.5099983215332,52.59000015258789,51.939998626708984,52.02000045776367,46.65834426879883,8845000,-0.00517674478624098
2017-10-23,52.29999923706055,53.779998779296875,52.130001068115234,53.38999938964844,47.88713836669922,9775400,0.025995177331718727
2017-10-24,53.439998626708984,54.439998626708984,53.400001525878906,54.25,48.65850067138672,11415700,0.01597956626581241
2017-10-25,53.97999954223633,54.43000030517578,53.47999954223633,53.84000015258789,48.2907600402832,7581500,-0.00758628569373646
2017-10-26,54.099998474121094,54.38999938964844,53.66999816894531,53.79999923706055,48.25487518310547,5270800,-0.0007433760987169864
2017-10-27,53.70000076293945,54.70000076293945,53.36000061035156,54.56999969482422,48.945518493652344,8962400,0.014210949305783463
2017-10-30,54.15999984741211,54.77000045776367,54.08000183105469,54.65999984741211,49.026241302490234,7081500,0.001647879496557018
2017-10-31,52.2599983215332,52.4900016784668,50.02000045776367,51.0099983215332,45.75244140625,29914100,-0.06911053717873682
2017-11-01,51.470001220703125,53.4900016784668,50.5099983215332,53.459999084472656,47.949928283691406,15624400,0.04691215131184286
2017-11-02,53.599998474121094,55.68000030517578,53.599998474121094,54.84000015258789,49.187686920166016,17337800,0.02548602064565426
2017-11-03,54.7599983215332,64.98999786376953,54.209999084472656,61.810001373291016,55.43929672241211,80964500,0.11964534309275637
2017-11-06,64.54000091552734,65.33000183105469,62.150001525878906,62.52000045776367,56.07611846923828,58900800,0.011421356739984614
2017-11-07,62.52000045776367,64.16000366210938,62.45000076293945,64.0999984741211,57.49325942993164,23424600,0.024957687467115117
2017-11-08,64.20999908447266,65.79000091552734,64.20999908447266,65.48999786376953,58.739990234375,26515400,0.02145304589264741
2017-11-09,64.91000366210938,65.33000183105469,63.93000030517578,64.5999984741211,57.94173049926758,15954900,-0.013682900532306549
2017-11-10,64.36000061035156,65.0999984741211,63.91999816894531,64.56999969482422,57.91482162475586,9626200,-0.00046452055584702043
2017-11-13,64.95999908447266,66.81999969482422,64.75,66.48999786376953,59.63692855834961,24411600,0.02930165044745169
2017-11-14,66.16000366210938,66.80000305175781,65.55000305175781,66.0,59.19743728637695,14036700,-0.007396737006565573
2017-11-15,65.55000305175781,66.4800033569336,65.23999786376953,65.61000061035156,58.84762954711914,10565400,-0.00592669854961498
2017-11-16,65.7699966430664,66.54000091552734,65.43000030517578,66.11000061035156,59.29610061645508,12339800,0.007591993630266491
2017-11-17,66.37000274658203,66.94999694824219,66.0,66.72000122070312,59.843238830566406,13334000,0.00918491009173683
2017-11-20,66.18000030517578,66.8499984741211,65.94999694824219,66.47000122070312,59.618995666503906,9749400,-0.003754214516118066
2017-11-21,65.3499984741211,66.93000030517578,65.2699966430664,66.66999816894531,59.79838180541992,11215800,0.003004357952659547
2017-11-22,66.37000274658203,68.26000213623047,66.23999786376953,68.12999725341797,61.10789489746094,15489400,0.021662470074286354
2017-11-24,68.51000213623047,69.27999877929688,68.44999694824219,68.91000366210938,61.807498931884766,9233500,0.011383628487484225
2017-11-27,68.5999984741211,68.91999816894531,68.04000091552734,68.13999938964844,61.116859436035156,20404600,-0.01123693907682949
2017-11-28,67.58999633789062,68.41000366210938,67.22000122070312,68.37999725341797,61.84952163696289,12861300,0.011916604598487694
2017-11-29,68.0999984741211,68.19999694824219,66.02999877929688,66.5199966430664,60.16714859008789,17022200,-0.02757786568354584
2017-11-30,66.51000213623047,67.0999984741211,65.72000122070312,66.33999633789062,60.004329681396484,15555600,-0.0027097779050992365
2017-12-01,65.19999694824219,66.12000274658203,64.5999984741211,65.48999786376953,59.23550796508789,15851100,-0.012895562183828323
2017-12-04,65.5999984741211,65.69999694824219,63.79999923706055,64.55999755859375,58.39432907104492,17325100,-0.014302378620045244
2017-12-05,64.8499984741211,65.02999877929688,64.4000015258789,64.69000244140625,58.51191711425781,9661200,0.002011664674974902
2017-12-06,64.63999938964844,65.68000030517578,64.36000061035156,64.9800033569336,58.77422332763672,6952300,0.004472935160518786
2017-12-07,65.20999908447266,65.55000305175781,64.7699966430664,65.2300033569336,59.00033950805664,8755000,0.0038398182561810595
2017-12-08,65.5999984741211,65.5999984741211,63.880001068115234,64.23999786376953,58.10488510131836,9371900,-0.01529345702204133
2017-12-11,64.05999755859375,65.26000213623047,64.0,65.18000030517578,58.95512008666992,12185000,0.014526736706469567
2017-12-12,64.87999725341797,65.11000061035156,64.55000305175781,64.86000061035156,58.66568374633789,7021200,-0.004921526041531734
2017-12-13,64.9800033569336,65.43000030517578,64.83000183105469,64.9000015258789,58.701866149902344,6490400,0.0006165657329078645
2017-12-14,64.86000061035156,65.16999816894531,64.55000305175781,64.69999694824219,58.520957946777344,7122000,-0.0030865720587094797
2017-12-15,65.33000183105469,65.41999816894531,64.5,64.76000213623047,58.575233459472656,18833000,0.000927024456225495
2017-12-18,64.93000030517578,65.45999908447266,64.80000305175781,65.37999725341797,59.13600540161133,7440900,0.00952799732507281
2017-12-19,65.11000061035156,65.4800033569336,64.43000030517578,64.5,58.340057373046875,7130000,-0.013551019496750997
2017-12-20,64.55999755859375,65.16999816894531,64.33000183105469,64.5999984741211,58.430511474609375,6933600,0.0015492622935311582
2017-12-21,64.75,64.95999908447266,64.33999633789062,64.38999938964844,58.240562438964844,5451100,-0.003256149053932679
2017-12-22,64.30999755859375,64.9800033569336,64.30000305175781,64.7300033569336,58.548099517822266,4444300,0.005266569280686846
2017-12-26,64.48999786376953,64.94000244140625,64.19999694824219,64.30000305175781,58.1591682434082,4236500,-0.006665098441294805
2017-12-27,64.31999969482422,64.63999938964844,64.18000030517578,64.54000091552734,58.37623977661133,4899600,0.003725421963132696
2017-12-28,64.69000244140625,64.7300033569336,64.3499984741211,64.37999725341797,58.23152160644531,2451300,-0.0024821374280808313
2017-12-29,64.36000061035156,64.6500015258789,64.0,64.0199966430664,57.90589904785156,6631800,-0.00560755370691577
2018-01-02,64.37999725341797,65.33000183105469,64.16999816894531,65.19999694824219,58.973209381103516,6329600,0.018263999722801037
2018-01-03,65.22000122070312,66.05999755859375,64.69000244140625,65.94000244140625,59.64254379272461,6844200,0.011285878952544227
2018-01-04,66.18000030517578,66.52999877929688,65.91000366210938,66.02999877929688,59.723941802978516,5060100,0.0013638337840753553
2018-01-05,66.04000091552734,66.5999984741211,65.5,66.47000122070312,60.12192916870117,5421800,0.006641677773167857
2018-01-08,66.25,66.52999877929688,65.94000244140625,66.2699966430664,59.941017150878906,4266900,-0.0030136217756922263
2018-01-09,65.63999938964844,65.86000061035156,64.94000244140625,65.2699966430664,59.03651428222656,7632300,-0.015204892614565162
2018-01-10,65.4800033569336,65.73999786376953,64.87999725341797,65.26000213623047,59.02748107910156,6569300,-0.0001530221489622465
2018-01-11,65.19999694824219,65.5,65.13999938964844,65.43000030517578,59.181243896484375,4233100,0.002601549151934926
2018-01-12,65.61000061035156,65.9000015258789,65.08000183105469,65.37999725341797,59.13600540161133,5007200,-0.000764698255679587
2018-01-16,66.2300033569336,68.6500015258789,66.02999877929688,68.25,61.731929779052734,24478800,0.04296133016362553
2018-01-17,68.5199966430664,68.9000015258789,67.23999786376953,68.0199966430664,61.523887634277344,12559100,-0.003375781309317734
2018-01-18,67.75,68.18000030517578,67.48999786376953,68.05000305175781,61.55101776123047,6797900,0.0004408717976321983
2018-01-19,68.04000091552734,68.25,67.75,68.04000091552734,61.54198455810547,8864300,-0.00014677037639850463
2018-01-22,67.80999755859375,68.75,67.70999908447266,68.66999816894531,62.111812591552734,8566200,0.009216572078762983
2018-01-23,68.5999984741211,68.9000015258789,68.23999786376953,68.33999633789062,61.81332778930664,7825600,-0.004817188482193469
2018-01-24,68.19999694824219,68.29000091552734,67.37999725341797,67.9800033569336,61.48772048950195,12383100,-0.00528151319447984
2018-01-25,68.13999938964844,68.37000274658203,67.29000091552734,67.41999816894531,60.98118209838867,9122200,-0.008272161648954172
2018-01-26,67.94000244140625,68.52999877929688,67.5999984741211,68.52999877929688,61.98518371582031,7919000,0.016330057771101945
2018-01-29,68.16000366210938,68.30000305175781,67.23999786376953,67.31999969482422,60.890743255615234,9745300,-0.017814220085134995
2018-01-30,67.43000030517578,67.91000366210938,66.7300033569336,66.98999786376953,60.592254638671875,8059500,-0.004914090412364172
2018-01-31,67.55000305175781,68.37999725341797,67.45999908447266,68.25,61.731929779052734,13915600,0.018634223861345615
2018-02-01,67.0,68.3499984741211,66.31999969482422,66.80000305175781,60.42040252685547,16838500,-0.021474459442786056
2018-02-02,66.18000030517578,67.04000091552734,65.86000061035156,66.06999969482422,59.7601203918457,10971700,-0.010988282670586266
2018-02-05,66.30000305175781,66.55000305175781,60.5,61.72999954223633,55.8346061706543,35996000,-0.06794469598814334
2018-02-06,62.310001373291016,64.52999877929688,62.20000076293945,64.4000015258789,58.24961471557617,24458700,0.04234361867555512
2018-02-07,64.22000122070312,66.12000274658203,64.0199966430664,65.04000091552734,58.828487396240234,15021200,0.009888739011099162
2018-02-08,64.62999725341797,65.06999969482422,62.400001525878906,62.41999816894531,56.45870590209961,13451600,-0.04111671516210123
2018-02-09,62.95000076293945,64.31999969482422,61.459999084472656,63.9900016784668,57.87877655029297,23095000,0.024841261898193096
2018-02-12,64.88999938964844,65.69999694824219,64.38999938964844,65.66000366210938,59.3892822265625,13692100,0.025763012345937614
2018-02-13,65.2300033569336,65.76000213623047,64.9800033569336,65.69999694824219,59.42544937133789,7695900,0.0006087990168570303
2018-02-14,65.1500015258789,66.80000305175781,65.0999984741211,66.58999633789062,60.2304573059082,10370900,0.013455584477697813
2018-02-15,66.37999725341797,66.37999725341797,63.86000061035156,65.27999877929688,59.045570373535156,15548400,-0.019868634699886336
2018-02-16,64.7699966430664,65.83000183105469,64.5999984741211,64.8499984741211,58.656639099121094,11760300,-0.00660875767286497
2018-02-20,63.0099983215332,64.13999938964844,61.86000061035156,63.9900016784668,57.87877655029297,27494600,-0.013350003467740911
2018-02-21,63.119998931884766,63.86000061035156,62.650001525878906,63.400001525878906,57.345115661621094,14895600,-0.009263091088370062
2018-02-22,63.150001525878906,63.58000183105469,62.029998779296875,62.18000030517578,56.24162673950195,11722300,-0.019430500718210182
2018-02-23,62.810001373291016,63.31999969482422,62.029998779296875,63.31999969482422,57.27275466918945,6762200,0.018167852898347055
2018-02-26,64.55000305175781,67.36000061035156,64.19000244140625,66.9800033569336,60.583213806152344,27374300,0.056192829867214175
2018-02-27,67.0,67.62999725341797,66.01000213623047,66.33999633789062,60.519351959228516,14326000,-0.0010546738203252861
2018-02-28,66.69999694824219,66.72000122070312,64.91000366210938,65.0,59.29692459106445,9582100,-0.02040573819685402
2018-03-01,65.02999877929688,66.23999786376953,64.33000183105469,64.95999908447266,59.26043701171875,10799200,-0.0006155261892544653
2018-03-02,64.30999755859375,64.8499984741211,64.02999877929688,64.73999786376953,59.05974197387695,10612700,-0.003392409173757179
2018-03-05,64.33999633789062,65.5999984741211,63.540000915527344,64.01000213623047,58.393795013427734,15445500,-0.011339873005841989
2018-03-06,63.5,63.54999923706055,61.060001373291016,62.13999938964844,56.687870025634766,23450400,-0.029649379100810207
2018-03-07,61.4900016784668,62.61000061035156,61.43000030517578,62.4900016784668,57.00715255737305,12602400,0.005616488106452541
2018-03-08,62.650001525878906,62.7400016784668,61.56999969482422,61.81999969482422,56.395931243896484,8902100,-0.01077972858878784
2018-03-09,62.36000061035156,63.060001373291016,62.119998931884766,63.029998779296875,57.49977111816406,7655300,0.019383952405657573
2018-03-12,63.04999923706055,63.47999954223633,62.29999923706055,62.810001373291016,57.299076080322266,15801300,-0.0034964679036826106
2018-03-13,59.77000045776367,61.400001525878906,59.130001068115234,59.70000076293945,54.46194839477539,38572700,-0.050782236111464055
2018-03-14,59.900001525878906,60.380001068115234,57.900001525878906,60.119998931884766,54.845096588134766,29759100,0.007010522746215456
2018-03-15,60.029998779296875,60.279998779296875,59.560001373291016,59.88999938964844,54.635276794433594,10494300,-0.0038330167153811222
2018-03-16,60.599998474121094,61.4900016784668,60.47999954223633,60.619998931884766,55.30122756958008,25574500,0.012115337389427662
2018-03-19,60.189998626708984,60.349998474121094,57.900001525878906,58.369998931884766,53.24864196777344,14131400,-0.0378228053351119
2018-03-20,58.9900016784668,59.09000015258789,57.95000076293945,58.2599983215332,53.14828872680664,10615400,-0.0018863940918302626
2018-03-21,57.5,58.279998779296875,56.77000045776367,56.810001373291016,51.82551193237305,12231900,-0.02520337084990839
2018-03-22,56.2400016784668,56.83000183105469,55.52000045776367,55.58000183105469,50.703433990478516,13554600,-0.021888896498896398
2018-03-23,55.630001068115234,55.79999923706055,53.650001525878906,53.65999984741211,48.9518928527832,14713300,-0.0351556025352841
2018-03-26,54.58000183105469,56.13999938964844,54.25,56.130001068115234,51.20518112182617,12093900,0.04500268337558584
2018-03-27,56.59000015258789,57.2400016784668,54.540000915527344,54.84000015258789,50.028358459472656,12243200,-0.023250706873439303
2018-03-28,54.810001373291016,55.970001220703125,54.459999084472656,54.70000076293945,49.90065002441406,12925500,-0.002555984623952149
2018-03-29,55.040000915527344,55.93000030517578,54.619998931884766,55.40999984741211,50.54835510253906,8482500,0.01289637571393201
2018-04-02,55.099998474121094,55.2400016784668,53.06999969482422,53.810001373291016,49.08873748779297,16469600,-0.029300775506204326
2018-04-03,54.290000915527344,55.04999923706055,53.619998931884766,54.779998779296875,49.9736213684082,7930700,0.01786566415918291
2018-04-04,53.79999923706055,55.119998931884766,53.41999816894531,54.9900016784668,50.16520309448242,7496700,0.003826327317978929
2018-04-05,55.4900016784668,55.5,54.439998626708984,55.040000915527344,50.2108039855957,5823300,0.0009086014791179209
2018-04-06,54.41999816894531,54.77000045776367,53.11000061035156,53.119998931884766,48.45927429199219,8322200,-0.03550648250430759
2018-04-09,53.52000045776367,54.88999938964844,53.34000015258789,53.43000030517578,48.74207305908203,7608500,0.0058188404324478905
2018-04-10,54.58000183105469,55.0099983215332,54.220001220703125,54.77000045776367,49.96450424194336,12009000,0.024770257851780712
2018-04-11,54.189998626708984,55.06999969482422,54.150001525878906,55.0099983215332,50.183441162109375,6205300,0.004372276796369251
2018-04-12,55.470001220703125,55.650001525878906,55.02000045776367,55.20000076293945,50.356773376464844,7412700,0.0034480210108492368
2018-04-13,56.61000061035156,56.790000915527344,55.41999816894531,55.72999954223633,50.84027099609375,12588200,0.009555640713539242
2018-04-16,55.939998626708984,55.9900016784668,54.56999969482422,54.77000045776367,49.96450424194336,7850500,-0.017375938520757667
2018-04-17,54.9900016784668,55.68000030517578,54.779998779296875,55.349998474121094,50.49361038208008,7089700,0.010533963030642846
2018-04-18,55.13999938964844,55.619998931884766,54.880001068115234,55.22999954223633,50.38414001464844,4796800,-0.002170357883128274
2018-04-19,54.0,54.13999938964844,52.5,52.56999969482422,47.9575309753418,19179500,-0.049360595385784335
2018-04-20,52.810001373291016,52.88999938964844,51.31999969482422,51.439998626708984,46.926673889160156,11838200,-0.021729594497569196
2018-04-23,51.5,51.810001373291016,50.27000045776367,50.529998779296875,46.09651184082031,10961500,-0.01784897134035164
2018-04-24,50.880001068115234,51.290000915527344,49.380001068115234,49.939998626708984,45.558284759521484,11670000,-0.01174479215874018
2018-04-25,50.0,50.439998626708984,48.869998931884766,49.75,45.38494873046875,9619200,-0.0038119656031018177
2018-04-26,49.52000045776367,50.59000015258789,48.560001373291016,50.470001220703125,46.041786193847656,13684000,0.014368855346119157
2018-04-27,50.75,51.36000061035156,50.4900016784668,51.11000061035156,46.6256217956543,9443100,0.012600834308871347
2018-04-30,51.25,51.81999969482422,51.0,51.0099983215332,46.53440475463867,9469600,-0.0019582877666311956
2018-05-01,50.7599983215332,51.04999923706055,50.040000915527344,50.81999969482422,46.36106872558594,6780500,-0.003731855250337731
2018-05-02,51.2400016784668,51.25,49.91999816894531,50.2599983215332,45.85020065307617,8143000,-0.01108049597109314
2018-05-03,49.9900016784668,50.540000915527344,49.310001373291016,50.310001373291016,45.89582443237305,8609200,0.0009945669693081653
2018-05-04,50.18000030517578,52.599998474121094,49.91999816894531,52.4900016784668,47.88454818725586,9880600,0.042418725601865014
2018-05-07,52.58000183105469,53.27000045776367,52.52000045776367,53.0099983215332,48.358917236328125,9571700,0.009857768283858327
2018-05-08,53.040000915527344,53.27000045776367,52.11000061035156,52.86000061035156,48.22208023071289,9930000,-0.0028336236063849045
2018-05-09,52.86000061035156,53.33000183105469,52.20000076293945,53.16999816894531,48.50489044189453,7016100,0.005847614478078407
2018-05-10,54.45000076293945,55.06999969482422,53.95000076293945,54.970001220703125,50.14695739746094,12267200,0.033293215813242294
2018-05-11,54.7599983215332,55.790000915527344,54.619998931884766,55.22999954223633,50.38414001464844,9639100,0.004718600778651673
2018-05-14,57.33000183105469,57.79999923706055,56.34000015258789,56.7400016784668,51.76165771484375,15400300,0.026973233322652845
2018-05-15,56.5,56.61000061035156,55.220001220703125,55.63999938964844,50.75817108154297,12050500,-0.019577065133485966
2018-05-16,55.7599983215332,56.810001373291016,55.66999816894531,56.70000076293945,51.72516632080078,8675600,0.01887182761372513
2018-05-17,56.4900016784668,57.380001068115234,56.38999938964844,56.95000076293945,51.95323181152344,11450700,0.004399486540894368
2018-05-18,56.93000030517578,57.9900016784668,56.400001525878906,57.5099983215332,52.46409606933594,11999700,0.009785125599151205
2018-05-21,57.68000030517578,58.27000045776367,56.77000045776367,57.709999084472656,52.646549224853516,14286400,0.003471643395497088
2018-05-22,57.90999984741211,58.36000061035156,57.06999969482422,57.38999938964844,52.3546257019043,9432500,-0.0055604001630387605
2018-05-23,56.90999984741211,58.86000061035156,56.83000183105469,58.81999969482422,53.659156799316406,11322500,0.024611836627183484
2018-05-24,58.58000183105469,59.25,58.04999923706055,59.08000183105469,53.89634704589844,12487200,0.004410571706887741
2018-05-25,58.849998474121094,60.0,58.810001373291016,59.959999084472656,54.69913864135742,11501500,0.014785259530317153
2018-05-29,59.5,59.599998474121094,57.70000076293945,58.22999954223633,53.67594528198242,14696300,-0.01888300752012864
2018-05-30,58.40999984741211,58.650001525878906,57.65999984741211,58.38999938964844,53.823429107666016,9146000,0.0027439028190590557
2018-05-31,58.0,58.56999969482422,57.7599983215332,58.119998931884766,53.574546813964844,12813200,-0.00463477522901556
2018-06-01,58.34000015258789,58.72999954223633,58.0099983215332,58.61000061035156,54.02622604370117,8869700,0.008395513726809925
2018-06-04,58.619998931884766,58.869998931884766,57.95000076293945,58.709999084472656,54.118404388427734,9696700,0.001704723880999006
2018-06-05,58.86000061035156,59.599998474121094,58.7599983215332,58.97999954223633,54.367286682128906,6562700,0.004588305201889642
2018-06-06,59.2599983215332,59.849998474121094,59.11000061035156,59.84000015258789,55.1600227355957,6236700,0.014475839875594285
2018-06-07,62.0,62.650001525878906,60.220001220703125,60.63999938964844,55.897464752197266,14786100,0.01328056076196091
2018-06-08,60.25,60.619998931884766,59.810001373291016,60.2599983215332,55.54718017578125,7035300,-0.006286272977307857
2018-06-11,60.16999816894531,60.41999816894531,59.81999969482422,59.93000030517578,55.242984771728516,7369500,-0.00549139300630589
2018-06-12,60.11000061035156,60.380001068115234,59.54999923706055,59.790000915527344,55.11393737792969,7153500,-0.0023387287377257095
2018-06-13,59.66999816894531,60.22999954223633,59.119998931884766,59.220001220703125,54.58851623535156,9676300,-0.009579095871531584
2018-06-14,59.290000915527344,59.70000076293945,58.95000076293945,59.459999084472656,54.80974578857422,8372900,0.00404448572947983
2018-06-15,59.869998931884766,59.95000076293945,58.91999816894531,59.86000061035156,55.178466796875,13804900,0.006704761917982694
2018-06-18,59.310001373291016,59.369998931884766,58.91999816894531,59.20000076293945,54.5700798034668,6946600,-0.011087039314433242
2018-06-19,58.279998779296875,58.7400016784668,57.849998474121094,58.70000076293945,54.109188079833984,7958300,-0.008481737053382475
2018-06-20,59.18000030517578,59.20000076293945,58.310001373291016,58.790000915527344,54.1921501159668,6526400,0.0015320595985663986
2018-06-21,59.209999084472656,59.209999084472656,58.38999938964844,58.75,54.15528106689453,6605400,-0.0006805708283588963
2018-06-22,58.779998779296875,59.099998474121094,58.43000030517578,58.5,53.92483139038086,8074100,-0.0042644297920930475
2018-06-25,58.09000015258789,58.13999938964844,56.61000061035156,57.04999923706055,52.58823013305664,8635900,-0.025098732550966507
2018-06-26,57.08000183105469,57.150001525878906,56.310001373291016,56.45000076293945,52.03515625,8934700,-0.010572761104411865
2018-06-27,56.54999923706055,57.529998779296875,55.13999938964844,55.16999816894531,50.85525894165039,11832400,-0.022936034043457735
2018-06-28,55.119998931884766,56.459999084472656,55.09000015258789,55.900001525878906,51.52816390991211,11723600,0.013144992398358937
2018-06-29,56.130001068115234,56.86000061035156,56.08000183105469,56.119998931884766,51.730960845947266,11274000,0.003927927866021917
2018-07-02,55.400001525878906,56.220001220703125,55.119998931884766,56.18000030517578,51.78627014160156,7299900,0.0010686008578442293
2018-07-03,56.40999984741211,56.529998779296875,55.25,55.33000183105469,51.002750396728516,3618900,-0.015245498332858654
2018-07-05,55.70000076293945,57.43000030517578,55.650001525878906,57.380001068115234,52.89242172241211,11728300,0.03638051131905134
2018-07-06,57.459999084472656,58.06999969482422,57.029998779296875,57.84000015258789,53.316444396972656,8806200,0.007984736922336349
2018-07-09,58.060001373291016,58.310001373291016,57.22999954223633,58.040000915527344,53.50081253051758,4577100,0.003452032413745701
2018-07-10,58.060001373291016,58.470001220703125,57.95000076293945,58.369998931884766,53.80499267578125,6848900,0.005669422254160446
2018-07-11,57.43000030517578,58.0099983215332,56.7400016784668,57.29999923706055,52.81867218017578,8702000,-0.018501495554637506
2018-07-12,57.849998474121094,58.4900016784668,57.310001373291016,58.31999969482422,53.758907318115234,8426400,0.017644602852001447
2018-07-13,58.25,58.779998779296875,58.18000030517578,58.38999938964844,53.823429107666016,5266100,0.001199486819684243
2018-07-16,58.41999816894531,58.84000015258789,58.060001373291016,58.349998474121094,53.786556243896484,5907100,-0.000685305645050664
2018-07-17,57.91999816894531,58.90999984741211,57.619998931884766,58.90999984741211,54.302764892578125,7560300,0.009551592476479966
2018-07-18,59.0,59.0,58.369998931884766,58.7599983215332,54.164485931396484,6795100,-0.0025496919124067497
2018-07-19,58.709999084472656,59.59000015258789,58.650001525878906,59.310001373291016,54.671478271484375,8150200,0.009316699880932125
2018-07-20,58.97999954223633,59.18000030517578,58.400001525878906,58.61000061035156,54.02622604370117,10859700,-0.011872556302160475
2018-07-23,58.400001525878906,59.209999084472656,57.81999969482422,59.08000183105469,54.45946502685547,8011800,0.007987067824709303
2018-07-24,59.349998474121094,59.619998931884766,58.45000076293945,58.849998474121094,54.24745178222656,6637600,-0.003900644405485074
2018-07-25,58.54999923706055,59.5,57.7599983215332,59.41999816894531,54.77288055419922,13143100,0.009639171501257439
2018-07-26,63.04999923706055,63.7599983215332,61.2599983215332,63.58000183105469,58.60753631591797,31025100,0.06766810332517373
2018-07-27,63.220001220703125,63.5099983215332,62.220001220703125,62.689998626708984,57.787139892578125,13488800,-0.014097036672545226
2018-07-30,62.650001525878906,62.97999954223633,61.93000030517578,62.040000915527344,57.18797302246094,9547700,-0.010422643282512169
2018-07-31,63.83000183105469,64.66000366210938,63.5,64.08999633789062,59.077640533447266,22350800,0.03250890562622235
2018-08-01,63.54999923706055,64.87000274658203,63.54999923706055,64.3499984741211,59.31730651855469,10706200,0.004048590221801918
2018-08-02,63.959999084472656,65.04000091552734,63.63999938964844,64.7699966430664,59.704463958740234,10618500,0.0065056805008429225
2018-08-03,64.73999786376953,65.61000061035156,64.66999816894531,65.4000015258789,60.285186767578125,7809400,0.009679623860167647
2018-08-06,65.86000061035156,66.0199966430664,65.33000183105469,65.7300033569336,60.589385986328125,10878400,0.005033314352899182
2018-08-07,65.93000030517578,65.93000030517578,65.25,65.44000244140625,60.32207107543945,7810900,-0.004421671079171411
2018-08-08,65.20999908447266,65.55000305175781,65.12000274658203,65.16000366210938,60.06396484375,7912200,-0.004287982824544315
2018-08-09,65.0999984741211,65.30000305175781,64.91999816894531,65.08000183105469,59.99021911621094,6629700,-0.0012285408868232621
2018-08-10,64.6500015258789,64.94000244140625,64.48999786376953,64.81999969482422,59.750545501708984,8736000,-0.00400321369827824
2018-08-13,65.1500015258789,65.2300033569336,64.6500015258789,64.83999633789062,59.76898956298828,7092400,0.0003086367666293535
2018-08-14,65.08999633789062,65.62000274658203,64.7699966430664,65.43000030517578,60.31285095214844,7844200,0.009058240705711455
2018-08-15,65.13999938964844,65.81999969482422,64.55000305175781,65.68000030517578,60.54328918457031,13524800,0.0038134349056547345
2018-08-16,65.86000061035156,66.0999984741211,65.52999877929688,65.76000213623047,60.617034912109375,9958800,0.0012173248494626243
2018-08-17,65.5,66.19000244140625,65.12000274658203,66.05999755859375,60.89358139038086,15170500,0.004551815539540819
2018-08-20,66.33000183105469,66.58999633789062,65.73999786376953,66.16000366210938,60.985748291015625,13966900,0.0015124290303297463
2018-08-21,66.08999633789062,66.77999877929688,66.02999877929688,66.55000305175781,61.34526062011719,12181400,0.005877714364048763
2018-08-22,66.22000122070312,67.08000183105469,66.20999908447266,66.83999633789062,61.61257553100586,13860300,0.004348081267637374
2018-08-23,66.9800033569336,67.29000091552734,66.80000305175781,66.86000061035156,61.631011962890625,12038100,0.0002991868769350444
2018-08-24,67.0,67.36000061035156,66.94000244140625,67.1500015258789,61.89833068847656,16001400,0.00432802663931676
2018-08-27,67.37000274658203,67.4800033569336,67.22000122070312,67.33999633789062,62.073463439941406,12578000,0.0028253663536728616
2018-08-28,68.55999755859375,70.48999786376953,67.91999816894531,69.77999877929688,64.32264709472656,24952700,0.03559320129896883
2018-08-29,69.66999816894531,70.06999969482422,69.13999938964844,69.19999694824219,63.788002014160156,11874300,-0.008346662641995158
2018-08-30,68.97000122070312,69.16000366210938,68.0,68.13999938964844,62.81089782714844,12027500,-0.015436525762970372
2018-08-31,67.98999786376953,69.0,67.94000244140625,68.70999908447266,63.33631134033203,11166900,0.008330212851451097
2018-09-04,68.73999786376953,70.11000061035156,68.70999908447266,69.9800033569336,65.09437561035156,13024100,0.027379345777753465
2018-09-05,69.80000305175781,71.06999969482422,69.30999755859375,70.88999938964844,65.94084167480469,15310700,0.012919852486737323
2018-09-06,70.8499984741211,71.3499984741211,70.19000244140625,70.36000061035156,65.44784545898438,11997700,-0.007504428885357245
2018-09-07,69.83999633789062,70.62000274658203,69.61000061035156,70.37999725341797,65.46643829345703,24421900,0.0002840459278352009
2018-09-10,70.66999816894531,72.75,70.5,72.31999969482422,67.27099609375,14636000,0.027191560470150297
2018-09-11,71.83999633789062,72.66000366210938,71.80999755859375,72.51000213623047,67.4477310180664,9501100,0.002623763295486276
2018-09-12,72.08999633789062,72.5,70.0199966430664,71.75,66.74079895019531,12638300,-0.010536498286347
2018-09-13,73.68000030517578,75.36000061035156,73.4800033569336,74.61000061035156,69.40113067626953,24617700,0.03908671520899836
2018-09-14,74.52999877929688,76.04000091552734,74.41000366210938,75.08999633789062,69.84762573242188,13450700,0.006412934633955113
2018-09-17,74.83999633789062,75.27999877929688,73.11000061035156,73.23999786376953,68.12678527832031,11558300,-0.024945635618928
2018-09-18,73.80000305175781,76.5,73.51000213623047,74.72000122070312,69.50344848632812,11692000,0.02000591128777013
2018-09-19,75.37000274658203,75.37000274658203,73.7699966430664,74.05999755859375,68.8895263671875,12383200,-0.008872215470766906
2018-09-20,74.4800033569336,75.11000061035156,74.20999908447266,74.5999984741211,69.3918228149414,12013900,0.0072648793192438155
2018-09-21,74.83000183105469,74.87000274658203,73.12999725341797,73.69999694824219,68.55465698242188,23465400,-0.012137694438929064
2018-09-24,73.08000183105469,73.8499984741211,72.80000305175781,73.58000183105469,68.44303894042969,15446100,-0.001629488232454572
2018-09-25,72.63999938964844,73.56999969482422,72.58000183105469,72.73999786376953,67.66168975830078,20741900,-0.011481713726423301
2018-09-26,72.68000030517578,73.26000213623047,71.58000183105469,71.76000213623047,66.7500991821289,11306000,-0.013564354144932005
2018-09-27,72.18000030517578,72.68000030517578,71.47000122070312,71.70999908447266,66.70359802246094,12498300,-0.000696888321926915
2018-09-28,71.51000213623047,73.26000213623047,71.25,72.02999877929688,67.00125885009766,20080800,0.004452513189967768
2018-10-01,72.45999908447266,73.43000030517578,72.0999984741211,72.5999984741211,67.53144836425781,9340200,0.007881983050811024
2018-10-02,72.4000015258789,73.91000366210938,72.2699966430664,73.3499984741211,68.22908020019531,9221200,0.01027747879311373
2018-10-03,73.58999633789062,73.88999938964844,72.58999633789062,72.63999938964844,67.56866455078125,7079800,-0.009726536433972734
2018-10-04,72.0,72.69999694824219,71.86000061035156,72.37999725341797,67.32681274414062,8599500,-0.0035857698216358205
2018-10-05,72.38999938964844,72.66000366210938,70.55000305175781,71.20999908447266,66.23849487304688,23411300,-0.01629677611854506
2018-10-08,70.77999877929688,71.5999984741211,70.55999755859375,70.93000030517578,65.9780502319336,10104600,-0.003939673023075142
2018-10-09,70.76000213623047,70.95999908447266,70.08999633789062,70.12999725341797,65.23389434814453,10329200,-0.011342928646789941
2018-10-10,68.7699966430664,69.55999755859375,66.62000274658203,66.7300033569336,62.07128143310547,22296800,-0.049695760642274406
2018-10-11,66.3499984741211,66.98999786376953,63.61000061035156,64.29000091552734,59.8016242980957,25852600,-0.0372506024163036
2018-10-12,65.55000305175781,65.6500015258789,63.27000045776367,64.29000091552734,59.8016242980957,15760900,0.0
2018-10-15,64.2300033569336,65.19999694824219,64.01000213623047,64.16999816894531,59.68999099731445,12314700,-0.0018684714066836844
2018-10-16,64.77999877929688,66.38999938964844,64.62000274658203,66.12000274658203,61.50385284423828,15931400,0.02993546936743864
2018-10-17,66.37999725341797,66.61000061035156,65.29000091552734,66.0999984741211,61.48524856567383,14779100,-0.0003025354034313218
2018-10-18,65.68000030517578,66.31999969482422,64.87000274658203,65.1500015258789,60.60157775878906,12218600,-0.014476356960608252
2018-10-19,65.44999694824219,66.20999908447266,65.0,65.36000061035156,60.79691696166992,10673000,0.0032181514592332437
2018-10-22,65.69000244140625,66.5999984741211,65.22000122070312,66.12000274658203,61.50385284423828,12890400,0.011560740904806424
2018-10-23,63.65999984741211,66.91999816894531,63.56999969482422,66.37999725341797,61.74570083618164,13441000,0.003924530274260001
2018-10-24,65.87000274658203,66.38999938964844,62.5,62.619998931884766,58.24820327758789,23384300,-0.05831110404808716
2018-10-25,63.810001373291016,63.83000183105469,62.349998474121094,63.20000076293945,58.787715911865234,20385700,0.009219673065548755
2018-10-26,61.5,63.63999938964844,61.18000030517578,62.47999954223633,58.117977142333984,17049300,-0.011457886765595407
2018-10-29,63.5,63.689998626708984,61.27000045776367,62.16999816894531,57.82962417602539,14778300,-0.004973859872910261
2018-10-30,62.36000061035156,63.720001220703125,62.16999816894531,63.18000030517578,58.76911163330078,18865300,0.01611523114368895
2018-10-31,62.90999984741211,63.52000045776367,62.06999969482422,62.88999938964844,58.499359130859375,12917500,-0.0046006053711150794
2018-11-01,63.20000076293945,64.30999755859375,62.880001068115234,63.709999084472656,59.26210403442383,11003900,0.012954247502455407
2018-11-02,63.939998626708984,63.959999084472656,62.34000015258789,63.33000183105469,58.90864562988281,13707900,-0.005982181878867296
2018-11-05,63.08000183105469,63.79999923706055,62.65999984741211,63.470001220703125,59.03886413574219,13373800,0.0022080764405441097
2018-11-06,63.349998474121094,64.33999633789062,62.40999984741211,63.630001068115234,59.18770217895508,8774100,0.0025178456328873436
2018-11-07,63.5,63.75,62.279998779296875,63.209999084472656,58.797019958496094,18493500,-0.006622614204479302
2018-11-08,58.0,60.150001525878906,57.599998474121094,58.04999923706055,53.99726104736328,32155200,-0.08515784870952042
2018-11-09,57.779998779296875,58.2400016784668,56.189998626708984,56.720001220703125,52.76011276245117,21745200,-0.0231778588143197
2018-11-12,56.369998931884766,56.5,54.43000030517578,54.4900016784668,50.68580627441406,24447800,-0.04010954885583948
2018-11-13,54.7400016784668,55.4900016784668,54.04999923706055,54.15999984741211,50.37883758544922,20883800,-0.0060747185410367725
2018-11-14,54.84000015258789,54.88999938964844,53.66999816894531,53.939998626708984,50.174198150634766,14071900,-0.00407028422049669
2018-11-15,53.83000183105469,55.540000915527344,53.529998779296875,55.38999938964844,51.52296447753906,18856300,0.026526706964535022
2018-11-16,55.119998931884766,57.040000915527344,54.9900016784668,55.880001068115234,51.978759765625,57303300,0.008807548625153896
2018-11-19,55.849998474121094,56.619998931884766,54.869998931884766,54.900001525878906,51.06718063354492,20321400,-0.017693135877488806
2018-11-20,54.20000076293945,55.43000030517578,54.06999969482422,54.91999816894531,51.08578109741211,20658300,0.0003641688651521702
2018-11-21,55.209999084472656,56.5,55.18000030517578,55.27000045776367,51.41135025024414,13015500,0.006352767994279431
2018-11-23,54.77000045776367,55.75,54.75,55.25,51.39273452758789,4671900,-0.00036215920602661436
2018-11-26,55.790000915527344,56.380001068115234,55.18000030517578,55.72999954223633,51.8392333984375,10373700,0.008650453229203707
2018-11-27,55.59000015258789,56.22999954223633,55.349998474121094,55.56999969482422,51.690399169921875,9719000,-0.0028752025358364554
2018-11-28,55.88999938964844,56.720001220703125,54.689998626708984,56.650001525878906,52.69500732421875,17483500,0.01924865181850164
2018-11-29,57.88999938964844,59.04999923706055,57.77000045776367,58.11000061035156,54.053070068359375,26949000,0.025445629618255833
2018-11-30,58.220001220703125,58.470001220703125,57.02000045776367,58.2599983215332,54.19260025024414,18197800,0.002578029379896232
2018-12-03,60.5099983215332,60.5099983215332,58.400001525878906,59.13999938964844,55.01116180419922,17114500,0.014991734160369035
2018-12-04,58.9900016784668,59.47999954223633,57.220001220703125,57.72999954223633,53.69960403442383,15836500,-0.024130478710084405
2018-12-06,56.0099983215332,57.209999084472656,55.689998626708984,57.11000061035156,53.69960403442383,18203300,0.0
2018-12-07,56.61000061035156,57.119998931884766,55.72999954223633,55.9900016784668,52.646484375,17054700,-0.01980616498073572
2018-12-10,57.77000045776367,58.25,56.63999938964844,57.2400016784668,53.82183837890625,20484900,0.02207983978266137
2018-12-11,58.45000076293945,58.65999984741211,56.83000183105469,57.349998474121094,53.925270080566406,13116300,0.0019198980819035928
2018-12-12,58.439998626708984,58.58000183105469,57.529998779296875,57.720001220703125,54.273170471191406,13246500,0.006430805985917565
2018-12-13,58.13999938964844,58.380001068115234,57.560001373291016,58.09000015258789,54.62107849121094,8949900,0.006389854507428814
2018-12-14,57.560001373291016,59.0,57.36000061035156,57.619998931884766,54.17914581298828,13551000,-0.008123790397080163
2018-12-17,57.59000015258789,58.34000015258789,56.66999816894531,57.0,53.59617233276367,16648200,-0.010818416982443495
2018-12-18,57.689998626708984,58.540000915527344,57.400001525878906,57.779998779296875,54.32958984375,12384200,0.013591357359099061
2018-12-19,57.540000915527344,58.5,56.060001373291016,56.689998626708984,53.3046875,17376400,-0.01904473828794161
2018-12-20,57.220001220703125,57.939998626708984,56.060001373291016,56.369998931884766,53.003787994384766,21742300,-0.005660890305491827
2018-12-21,56.2599983215332,57.279998779296875,54.689998626708984,54.849998474121094,51.57455825805664,38202300,-0.027334888709783255
2018-12-24,53.70000076293945,54.88999938964844,53.56999969482422,53.650001525878906,50.44622039794922,8275000,-0.02212066766837731
2018-12-26,54.25,56.0,53.5099983215332,55.959999084472656,52.6182746887207,18451600,0.04215566073475551
2018-12-27,55.540000915527344,56.38999938964844,54.77000045776367,56.09000015258789,52.740509033203125,15804800,0.0023203456799111956
2018-12-28,56.33000183105469,57.529998779296875,56.2400016784668,56.810001373291016,53.417518615722656,12749600,0.01275492350295618
2018-12-31,57.119998931884766,57.40999984741211,56.279998779296875,56.90999984741211,53.51154327392578,8877000,0.001758636628337218
2019-01-02,56.20000076293945,58.0,55.91999816894531,57.400001525878906,53.972286224365234,9896600,0.008573303997380946
2019-01-03,55.95000076293945,56.84000015258789,55.52000045776367,55.70000076293945,52.37380599975586,14422200,-0.030064115913751497
2019-01-04,56.5,56.83000183105469,55.209999084472656,56.599998474121094,53.220054626464844,14177300,0.01602871113464687
2019-01-07,56.38999938964844,57.15999984741211,55.95000076293945,56.439998626708984,53.06960678100586,12352000,-0.002830904604288135
2019-01-08,56.709999084472656,56.880001068115234,55.61000061035156,55.95000076293945,52.60887145996094,12110000,-0.008719622915138567
2019-01-09,56.2599983215332,57.11000061035156,56.13999938964844,56.61000061035156,53.22945785522461,10971000,0.011727197727960315
2019-01-10,56.189998626708984,56.9900016784668,56.099998474121094,56.79999923706055,53.408111572265625,10958200,0.0033506743476215887
2019-01-11,56.470001220703125,58.16999816894531,56.33000183105469,57.5,54.066314697265625,12024300,0.012248706544528545
2019-01-14,57.02000045776367,57.650001525878906,56.369998931884766,57.29999923706055,53.87825012207031,9449400,-0.0034844693809757844
2019-01-15,57.31999969482422,57.400001525878906,55.560001373291016,55.72999954223633,52.40201187133789,17423400,-0.02778188861497038
2019-01-16,55.75,56.08000183105469,55.15999984741211,55.27000045776367,51.969478607177734,13856000,-0.008288388684170632
2019-01-17,54.970001220703125,55.20000076293945,54.369998931884766,54.77000045776367,51.499332427978516,18365000,-0.00908775137480564
2019-01-18,55.38999938964844,55.900001525878906,54.9900016784668,55.27000045776367,51.969478607177734,28020000,0.009087751374805705
2019-01-22,54.970001220703125,54.9900016784668,53.939998626708984,54.290000915527344,51.04800033569336,17867500,-0.01789022325487818
2019-01-23,52.91999816894531,53.56999969482422,51.220001220703125,51.77000045776367,48.67848587036133,33788600,-0.047529209237763125
2019-01-24,51.95000076293945,51.97999954223633,50.40999984741211,50.810001373291016,47.77581787109375,32782700,-0.01871755469701305
2019-01-25,50.93000030517578,52.029998779296875,50.279998779296875,51.29999923706055,48.23655319213867,19516200,0.009597489417958963
2019-01-28,50.31999969482422,51.290000915527344,50.2400016784668,50.63999938964844,47.615966796875,24457600,-0.012948956725131305
2019-01-29,50.4900016784668,50.84000015258789,49.34000015258789,49.400001525878906,46.450016021728516,26266600,-0.024791331716155007
2019-01-30,49.68000030517578,50.869998931884766,49.209999084472656,50.16999816894531,47.17402648925781,18124100,0.015466644699952748
2019-01-31,51.20000076293945,51.279998779296875,49.099998474121094,49.52000045776367,46.56285095214844,24736300,-0.013040421545205962
2019-02-01,49.58000183105469,50.279998779296875,49.400001525878906,49.61000061035156,46.64747619628906,15533200,0.0018157916613110784
2019-02-04,49.709999084472656,49.79999923706055,49.470001220703125,49.689998626708984,46.722694396972656,10880000,0.0016111830250990701
2019-02-05,49.72999954223633,51.08000183105469,49.720001220703125,50.72999954223633,47.70059585571289,15454200,0.020713881525164433
2019-02-06,50.939998626708984,51.63999938964844,50.93000030517578,51.099998474121094,48.048500061035156,11052900,0.007267029167220768
2019-02-07,50.83000183105469,51.119998931884766,50.27000045776367,50.54999923706055,47.53133773803711,10623300,-0.010821683357494196
2019-02-08,50.2400016784668,50.68000030517578,49.90999984741211,50.290000915527344,47.286865234375,12461200,-0.005156669030491796
2019-02-11,50.54999923706055,51.29999923706055,50.380001068115234,50.83000183105469,47.79462432861328,9971800,0.010680605099089897
2019-02-12,51.29999923706055,52.18000030517578,51.02000045776367,51.65999984741211,48.57505416870117,16637600,0.016196938990228348
2019-02-13,52.0,52.4900016784668,51.560001373291016,51.59000015258789,48.509239196777344,11004000,-0.001355831715399264
2019-02-14,51.5,51.77000045776367,51.09000015258789,51.56999969482422,48.49042892456055,17895000,-0.0003878419960994961
2019-02-15,52.08000183105469,52.36000061035156,51.599998474121094,51.97999954223633,48.87594223022461,12239500,0.007918859780119681
2019-02-19,52.0,52.47999954223633,51.75,52.0099983215332,48.904151916503906,8258400,0.0005770026569951937
2019-02-20,52.25,52.91999816894531,52.13999938964844,52.45000076293945,49.3178825378418,12863700,0.008424445096239892
2019-02-21,52.5,52.59000015258789,51.900001525878906,52.349998474121094,49.223846435546875,7826200,-0.0019085545142975534
2019-02-22,52.689998626708984,53.150001525878906,52.63999938964844,53.119998931884766,49.9478645324707,13394500,0.014601562351567633
2019-02-25,53.779998779296875,53.970001220703125,52.900001525878906,52.9900016784668,49.82563781738281,15341700,-0.0024500849093651326
2019-02-26,53.08000183105469,53.220001220703125,52.279998779296875,53.029998779296875,49.86323928833008,11366700,0.000754376492586756
2019-02-27,52.95000076293945,53.130001068115234,52.27000045776367,53.040000915527344,49.872642517089844,10426200,0.0001885626038976289
2019-02-28,53.0,53.7599983215332,52.709999084472656,53.38999938964844,50.201744079589844,19000200,0.006577162450388283
2019-03-01,54.0,54.400001525878906,53.709999084472656,54.20000076293945,50.96337127685547,12659000,0.015057395714561382
2019-03-04,54.58000183105469,54.70000076293945,53.2599983215332,53.779998779296875,50.56845474243164,14021700,-0.007779206608826454
2019-03-05,53.900001525878906,54.22999954223633,53.70000076293945,53.939998626708984,50.71889877319336,10092800,0.0029706401870558913
2019-03-06,53.88999938964844,55.459999084472656,53.72999954223633,54.79999923706055,52.126705169677734,20521300,0.027378794662971672
2019-03-07,54.83000183105469,55.04999923706055,53.61000061035156,54.029998779296875,51.39426803588867,13667300,-0.014150743240093747
2019-03-08,53.45000076293945,53.630001068115234,53.029998779296875,53.529998779296875,50.91865539550781,10117100,-0.009297282306076503
2019-03-11,53.720001220703125,54.75,53.650001525878906,54.349998474121094,51.69865798950195,10738800,0.015202456402535714
2019-03-12,54.65999984741211,55.310001373291016,54.540000915527344,54.84000015258789,52.16474914550781,9575300,0.008975139514809445
2019-03-13,55.029998779296875,55.939998626708984,55.0,55.38999938964844,52.687923431396484,9198900,0.009979309344943121
2019-03-14,55.529998779296875,55.869998931884766,55.25,55.400001525878906,52.69744110107422,7306100,0.0001806260242271407
2019-03-15,55.0,57.34000015258789,54.91999816894531,56.599998474121094,53.83889389038086,27985600,0.021429242330127968
2019-03-18,56.619998931884766,57.189998626708984,56.439998626708984,56.83000183105469,54.05767822265625,13089300,0.0040554510277209035
2019-03-19,57.16999816894531,57.68000030517578,56.779998779296875,56.970001220703125,54.19084548950195,9363700,0.0024604000028285293
2019-03-20,57.029998779296875,57.689998626708984,56.75,57.15999984741211,54.37157440185547,8804800,0.003329496145920049
2019-03-21,57.22999954223633,58.279998779296875,57.20000076293945,57.77000045776367,54.951820373535156,19542700,0.01061532019956306
2019-03-22,57.68000030517578,58.09000015258789,56.75,56.81999969482422,54.048160552978516,10243500,-0.016581296933969668
2019-03-25,56.58000183105469,56.939998626708984,56.06999969482422,56.63999938964844,53.87694549560547,6929600,-0.0031728521245275292
2019-03-26,57.150001525878906,58.38999938964844,56.66999816894531,58.0,55.17060089111328,16051800,0.023727559793707543
2019-03-27,57.349998474121094,57.66999816894531,56.31999969482422,56.90999984741211,54.13376998901367,11934400,-0.018972013526513933
2019-03-28,57.029998779296875,57.38999938964844,56.34000015258789,56.54999923706055,53.79133605957031,11064300,-0.0063457909119473055
2019-03-29,57.0,57.560001373291016,56.939998626708984,57.029998779296875,54.24791717529297,8529100,0.008452184186876651
2019-04-01,57.63999938964844,58.150001525878906,57.11000061035156,57.810001373291016,54.9898681640625,12066500,0.013584354462524956
2019-04-02,57.97999954223633,58.529998779296875,57.65999984741211,58.09000015258789,55.25620651245117,7614500,0.004831716091837221
2019-04-03,58.20000076293945,58.290000915527344,57.18000030517578,57.68000030517578,54.866207122802734,11563400,-0.007083045263537553
2019-04-04,57.75,58.61000061035156,57.689998626708984,57.86000061035156,55.037437438964844,9905100,0.003116010490678301
2019-04-05,57.97999954223633,58.189998626708984,57.689998626708984,57.9900016784668,55.16108703613281,12332600,0.0022441253120141233
2019-04-08,57.790000915527344,58.4900016784668,57.5099983215332,57.7599983215332,54.94230270385742,8942400,-0.00397416683988855
2019-04-09,57.56999969482422,57.65999984741211,57.029998779296875,57.439998626708984,54.637916564941406,11713400,-0.005555508536478952
2019-04-10,57.709999084472656,57.86000061035156,56.099998474121094,56.33000183105469,53.58207321166992,15976500,-0.019513527190479375
2019-04-11,56.439998626708984,56.900001525878906,55.790000915527344,55.900001525878906,53.17304229736328,13903800,-0.007663012942080861
2019-04-12,56.279998779296875,57.16999816894531,56.06999969482422,56.95000076293945,54.171817779541016,13483500,0.018609261862686598
2019-04-15,57.13999938964844,57.66999816894531,57.029998779296875,57.18000030517578,54.39060592651367,10712500,0.004030647727060052
2019-04-16,57.459999084472656,71.02999877929688,57.290000915527344,70.44999694824219,67.01325225830078,86755900,0.20869894095643104
2019-04-17,78.81999969482422,82.5199966430664,76.48999786376953,79.08000183105469,75.22225952148438,156019300,0.1155567966980845
2019-04-18,78.72000122070312,80.19999694824219,78.0199966430664,79.88999938964844,75.99275207519531,41621200,0.010190776876697777
2019-04-22,79.83000183105469,82.5,79.33999633789062,81.97000122070312,77.97127532958984,33292500,0.025702525551196
2019-04-23,83.9000015258789,87.95999908447266,83.2699966430664,86.72000122070312,82.48956298828125,56973700,0.056331282246589114
2019-04-24,87.04000091552734,88.62999725341797,85.30000305175781,86.83000183105469,82.59418487548828,40290400,0.0012675009208070387
2019-04-25,86.16999816894531,86.31999969482422,84.5199966430664,85.06999969482422,80.9200439453125,20732200,-0.020477721655033806
2019-04-26,84.51000213623047,86.76000213623047,84.20999908447266,86.63999938964844,82.41345977783203,18860600,0.018287215023650952
2019-04-29,86.4000015258789,87.9800033569336,85.83999633789062,87.25,82.99369812011719,17930000,0.007015908256267867
2019-04-30,86.9800033569336,87.45999908447266,86.05000305175781,86.12999725341797,81.92833709716797,17582400,-0.012919751331881418
2019-05-01,87.16999816894531,88.22000122070312,86.1500015258789,86.37000274658203,82.1566390991211,28211500,0.0027827306870934015
2019-05-02,87.5,90.33999633789062,86.1500015258789,87.13999938964844,82.8890609741211,40342000,0.008875440955064099
2019-05-03,87.76000213623047,89.81999969482422,87.05999755859375,89.29000091552734,84.93417358398438,21068400,0.024373429081321948
2019-05-06,86.33000183105469,88.69999694824219,86.13999938964844,88.25,83.9449234008789,15682100,-0.011715618045821625
2019-05-07,87.19999694824219,88.1500015258789,84.77999877929688,85.19999694824219,81.04370880126953,21579500,-0.03517228603298283
2019-05-08,84.8499984741211,85.72000122070312,84.11000061035156,84.54000091552734,80.41590881347656,15500700,-0.007776596537740531
2019-05-09,83.37000274658203,84.83999633789062,82.26000213623047,83.77999877929688,79.69297790527344,14516000,-0.009030552094673131
2019-05-10,83.37999725341797,86.33000183105469,83.3499984741211,85.83999633789062,81.6524887084961,15955600,0.02429082382321118
2019-05-13,83.23999786376953,84.8499984741211,82.98999786376953,83.88999938964844,79.79761505126953,16689000,-0.022978681720415752
2019-05-14,84.2699966430664,86.44000244140625,84.0,86.12999725341797,81.92833709716797,14353700,0.02635130988494291
2019-05-15,85.55000305175781,87.0,84.88999938964844,86.26000213623047,82.05200958251953,11784800,0.001508382087294938
2019-05-16,83.79000091552734,84.80000305175781,82.12999725341797,82.80999755859375,78.77029418945312,22498800,-0.04081736090699083
2019-05-17,80.48999786376953,83.12000274658203,80.0,81.5,77.52420043945312,19523400,-0.015945797148820304
2019-05-20,77.94999694824219,78.33000183105469,76.06999969482422,76.62000274658203,72.88227081298828,32679300,-0.06174474063744085
2019-05-21,78.91000366210938,79.04000091552734,77.22000122070312,77.75,73.95713806152344,17282200,0.01464029929675201
2019-05-22,69.12999725341797,71.73999786376953,67.97000122070312,69.30999755859375,65.92886352539062,66150700,-0.11490937462723974
2019-05-23,67.0199966430664,68.2699966430664,65.9000015258789,68.26000213623047,64.93009185791016,31820700,-0.015265154140519351
2019-05-24,68.93000030517578,69.1500015258789,65.97000122070312,66.20999908447266,62.9800910949707,21420000,-0.030492519158632773
2019-05-28,66.63999938964844,67.70999908447266,65.23999786376953,65.37000274658203,62.181068420410156,22667300,-0.012768074897943042
2019-05-29,65.36000061035156,66.1500015258789,64.76000213623047,65.76000213623047,62.55204391479492,16312600,0.0059483256895938265
2019-05-30,65.97000122070312,67.06999969482422,65.93000030517578,66.58999633789062,63.341552734375,11554600,0.012542642213548562
2019-05-31,65.77999877929688,67.83999633789062,65.52999877929688,66.81999969482422,63.560340881347656,15060300,0.0034481497086705907
2019-06-03,67.08999633789062,68.12999725341797,66.27999877929688,66.66000366210938,63.40814971923828,13620700,-0.0023973071472676664
2019-06-04,67.61000061035156,68.5,66.69999694824219,68.44999694824219,65.1108169555664,15866700,0.02649829683378563
2019-06-05,68.04000091552734,68.33000183105469,65.83000183105469,67.0199966430664,64.33329772949219,11779200,-0.012013347674274399
2019-06-06,66.91999816894531,67.97000122070312,66.2699966430664,67.58999633789062,64.88043975830078,10781700,0.008468841000744453
2019-06-07,67.69000244140625,68.77999877929688,67.30000305175781,68.69000244140625,65.93634796142578,10495600,0.01614366403291033
2019-06-10,69.0,71.45999908447266,69.0,70.54000091552734,67.71217346191406,15229200,0.02657612671011266
2019-06-11,71.58000183105469,72.22000122070312,70.2699966430664,71.23999786376953,68.38411712646484,11839500,0.009874613358329235
2019-06-12,69.52999877929688,70.37000274658203,69.19999694824219,69.58999633789062,66.80026245117188,9385900,-0.023433582466496187
2019-06-13,69.97000122070312,70.48999786376953,69.37999725341797,69.93000030517578,67.12664031982422,6790500,0.004873979880216508
2019-06-14,68.3499984741211,69.12000274658203,67.9000015258789,68.72000122070312,65.96513366699219,12119500,-0.01745466465914259
2019-06-17,69.08999633789062,69.9800033569336,68.9000015258789,69.11000061035156,66.33951568603516,9411100,0.005659408344709827
2019-06-18,69.69000244140625,72.38999938964844,69.66999816894531,71.95999908447266,69.07525634765625,14508000,0.0404108489417355
2019-06-19,72.37000274658203,72.62000274658203,70.80000305175781,71.80000305175781,68.92166900634766,11999300,-0.002225954010666728
2019-06-20,73.19000244140625,73.66999816894531,72.2300033569336,72.73999786376953,69.82398223876953,9871800,0.013006907897654166
2019-06-21,72.30999755859375,73.16999816894531,72.30999755859375,72.72000122070312,69.80479431152344,15244500,-0.00027484201811322286
2019-06-24,72.97000122070312,73.44999694824219,72.19999694824219,73.16000366210938,70.2271499633789,8893000,0.0060322940566873715
2019-06-25,73.2300033569336,74.13999938964844,72.5199966430664,72.55000305175781,69.64160919189453,8953400,-0.008372765951558425
2019-06-26,73.76000213623047,75.69000244140625,73.6500015258789,74.94999694824219,71.94538879394531,13808000,0.03254512031861264
2019-06-27,75.33999633789062,75.9000015258789,75.16999816894531,75.43000030517578,72.40615844726562,11151900,0.006384014955698042
2019-06-28,75.66000366210938,76.44000244140625,74.80999755859375,76.06999969482422,73.02050018310547,29217500,0.008448868950221353
2019-07-01,80.66999816894531,80.76000213623047,77.08000183105469,77.5199966430664,74.41236114501953,17705700,0.018881846310200824
2019-07-02,77.27999877929688,77.4800033569336,76.62000274658203,77.01000213623047,73.92280578613281,7075600,-0.0066006887843331145
2019-07-03,77.06999969482422,77.2300033569336,76.05000305175781,76.62999725341797,73.55804443359375,5290400,-0.004946568937733294
2019-07-05,74.19999694824219,76.72000122070312,74.0999984741211,76.66000366210938,73.58683776855469,9220800,0.0003913603367990444
2019-07-08,75.9800033569336,77.02999877929688,75.93000030517578,76.62999725341797,73.55804443359375,7924900,-0.00039136033679897916
2019-07-09,76.44000244140625,76.83999633789062,75.83999633789062,76.55000305175781,73.48125457763672,7506500,-0.0010444808082533633
2019-07-10,76.83000183105469,76.91000366210938,74.08000183105469,74.36000061035156,71.37904357910156,15075700,-0.02902601496222995
2019-07-11,74.5199966430664,75.77999877929688,73.30000305175781,73.70999908447266,70.75509643554688,14298400,-0.008779750614662813
2019-07-12,74.25,74.9800033569336,73.66000366210938,74.9000015258789,71.89740753173828,8028100,0.01601563914104221
2019-07-15,75.1500015258789,75.9000015258789,74.79000091552734,75.43000030517578,72.40615844726562,8898200,0.007051149705748025
2019-07-16,75.11000061035156,76.5,74.55000305175781,75.66999816894531,72.63653564453125,9909600,0.003176683837021959
2019-07-17,78.56999969482422,79.4000015258789,75.70999908447266,75.76000213623047,72.72291564941406,20602300,0.0011885022168396952
2019-07-18,74.97000122070312,75.3499984741211,74.05000305175781,74.37000274658203,71.38864135742188,12585100,-0.01851777119404412
2019-07-19,74.41999816894531,75.70999908447266,74.41999816894531,75.0,71.99339294433594,14477400,0.00843557808312919
2019-07-22,75.05999755859375,76.62000274658203,75.05999755859375,75.94999694824219,72.90530395507812,9645800,0.012587042809994104
2019-07-23,75.33999633789062,75.58999633789062,73.30999755859375,74.12000274658203,71.1486587524414,14420400,-0.02438991957989539
2019-07-24,74.01000213623047,76.41999816894531,73.68000030517578,75.87000274658203,72.82850646972656,14012700,0.0233359775710157
2019-07-25,75.83999633789062,76.13999938964844,75.0999984741211,75.3499984741211,72.32935333251953,7299500,-0.006877410638733702
2019-07-26,75.11000061035156,75.8499984741211,74.8499984741211,75.22000122070312,72.20455932617188,8262500,-0.0017268478388694595
2019-07-29,75.16000366210938,76.31999969482422,74.66999816894531,74.97000122070312,71.96458435058594,8237500,-0.003329078485145329
2019-07-30,74.58000183105469,75.06999969482422,74.36000061035156,74.80999755859375,71.81100463867188,7397900,-0.002136381723863256
2019-07-31,74.83000183105469,75.27999877929688,72.76000213623047,73.16000366210938,70.2271499633789,14052800,-0.02230274438020164
2019-08-01,68.87999725341797,73.70999908447266,68.25,71.19999694824219,68.3457260131836,29729800,-0.027155957559995038
2019-08-02,70.44000244140625,71.52999877929688,70.01000213623047,71.1500015258789,68.2977294921875,12649400,-0.0007025074533207672
2019-08-05,69.97000122070312,70.83999633789062,68.55999755859375,68.80000305175781,66.04192352294922,13071800,-0.033586777602046654
2019-08-06,69.5199966430664,69.93000030517578,67.37999725341797,68.16999816894531,65.43718719482422,13189900,-0.009199036855838692
2019-08-07,67.26000213623047,69.5999984741211,67.12000274658203,69.4000015258789,66.61787414550781,8934900,0.01788221369538294
2019-08-08,69.55999755859375,71.3499984741211,69.3499984741211,71.26000213623047,68.4033203125,8367900,0.026448443928858416
2019-08-09,70.51000213623047,72.19000244140625,70.19000244140625,71.5,68.6336898803711,8702200,0.0033621542757903996
2019-08-12,71.0,71.4800033569336,69.7300033569336,69.80000305175781,67.00184631347656,7364300,-0.024063344377709812
2019-08-13,69.88999938964844,72.47000122070312,69.30999755859375,72.18000030517578,69.28643798828125,10134800,0.03352901109046568
2019-08-14,70.63999938964844,71.88999938964844,70.55000305175781,70.87999725341797,68.0385513305664,10336900,-0.01817471115619581
2019-08-15,71.44000244140625,72.19000244140625,70.58999633789062,71.16000366210938,68.30732727050781,9107000,0.0039425656404064235
2019-08-16,71.8499984741211,73.41000366210938,71.7300033569336,73.27999877929688,70.34233093261719,10090600,0.029356723074259333
2019-08-19,74.58000183105469,75.52999877929688,74.13999938964844,74.87000274658203,71.86859893798828,9688400,0.021465672319739417
2019-08-20,74.56999969482422,76.44000244140625,74.33000183105469,76.06999969482422,73.02050018310547,9387300,0.015900789253178286
2019-08-21,76.5,77.19000244140625,75.98999786376953,76.69999694824219,73.625244140625,11004100,0.008247731817255728
2019-08-22,76.91000366210938,77.94999694824219,76.5999984741211,77.1500015258789,74.05719757080078,7198800,0.005849776817779436
2019-08-23,76.12000274658203,79.0999984741211,73.22000122070312,73.5199966430664,70.57270812988281,16479400,-0.04819423542239196
2019-08-26,74.9000015258789,75.08999633789062,72.5199966430664,72.91000366210938,69.9871826171875,11153800,-0.008331379548581989
2019-08-27,73.68000030517578,74.37999725341797,73.19999694824219,73.97000122070312,71.00468444824219,7303100,0.01443373319435345
2019-08-28,73.79000091552734,74.87999725341797,72.91000366210938,74.3499984741211,71.36943817138672,5678500,0.005123887887210052
2019-08-29,75.22000122070312,77.02999877929688,75.22000122070312,76.44999694824219,73.38526153564453,7348400,0.027853378044726165
2019-08-30,77.18000030517578,78.05000305175781,77.0,77.7699966430664,74.65234375,8465300,0.017118801068373157
2019-09-03,76.7699966430664,76.98999786376953,74.69999694824219,75.12000274658203,72.10858154296875,7580700,-0.03466886001380404
2019-09-04,75.98999786376953,77.12000274658203,75.62999725341797,77.08999633789062,73.99959564208984,4923700,0.02588656889754249
2019-09-05,77.88999938964844,80.44000244140625,77.88999938964844,78.98999786376953,75.82343292236328,13480300,0.02434775743677458
2019-09-06,78.95999908447266,79.08000183105469,78.44000244140625,78.83999633789062,75.679443359375,5128000,-0.0019008168013209274
2019-09-09,79.04000091552734,79.44999694824219,77.97000122070312,78.20999908447266,75.07469177246094,6885100,-0.008023061262570722
2019-09-10,78.02999877929688,78.87999725341797,77.33999633789062,78.70999908447266,75.5546646118164,9373900,0.006372920595937977
2019-09-11,78.16999816894531,79.91000366210938,78.12000274658203,79.9000015258789,77.3058853149414,6575700,0.02291365986090048
2019-09-12,80.05000305175781,80.05000305175781,78.58000183105469,79.08000183105469,76.51251983642578,5847100,-0.010315703288402785
2019-09-13,79.18000030517578,79.54000091552734,78.37000274658203,78.41000366210938,75.8642807006836,5343700,-0.008508421808703051
2019-09-16,77.58000183105469,78.48999786376953,76.91000366210938,78.04000091552734,75.50627899169922,3756500,-0.004730145375878382
2019-09-17,77.61000061035156,78.79000091552734,77.51000213623047,78.69000244140625,76.13517761230469,4400800,0.008294594900193198
2019-09-18,78.69000244140625,79.06999969482422,77.63999938964844,78.9000015258789,76.33836364746094,5147500,0.002665198876493512
2019-09-19,79.23999786376953,80.0,78.20999908447266,78.2300033569336,75.69011688232422,5180900,-0.00852801648256971
2019-09-20,78.19999694824219,78.69999694824219,76.16999816894531,76.44000244140625,73.9582290649414,9122000,-0.023147133809578953
2019-09-23,76.66999816894531,77.91000366210938,76.05999755859375,77.23999786376953,74.73225402832031,5815700,0.010411318048093716
2019-09-24,78.08000183105469,78.30000305175781,74.62999725341797,75.2300033569336,72.78752136230469,10177800,-0.02636724913068666
2019-09-25,75.02999877929688,77.48999786376953,74.87999725341797,77.26000213623047,74.75160217285156,5571600,0.02662611513977932
2019-09-26,77.16000366210938,77.69000244140625,75.94000244140625,77.3499984741211,74.83869171142578,3760300,0.0011643743207165982
2019-09-27,77.01000213623047,78.19999694824219,76.20999908447266,76.62999725341797,74.14205932617188,5013200,-0.009352046592982347
2019-09-30,76.88999938964844,76.94999694824219,76.0199966430664,76.27999877929688,73.80342864990234,4775800,-0.0045777843213333684
2019-10-01,77.05999755859375,78.05999755859375,74.97000122070312,75.47000122070312,73.01972961425781,7043700,-0.010675515877168008
2019-10-02,75.26000213623047,75.70999908447266,73.7699966430664,73.98999786376953,71.58777618408203,5997500,-0.01980533761520421
2019-10-03,73.93000030517578,75.83000183105469,73.16000366210938,75.7300033569336,73.27128601074219,5419400,0.023244463980576058
2019-10-04,76.31999969482422,77.55999755859375,75.83999633789062,77.48999786376953,74.97412872314453,4893600,0.02297430398295369
2019-10-07,77.01000213623047,77.55000305175781,76.2699966430664,76.33999633789062,73.8614730834961,4215500,-0.01495175017751795
2019-10-08,75.5199966430664,75.81999969482422,72.80999755859375,72.8499984741211,70.48477935791016,8489600,-0.0467945626147333
2019-10-09,73.91000366210938,74.80000305175781,73.55999755859375,74.3499984741211,71.93608093261719,5137500,0.020381169017797
2019-10-10,74.3499984741211,75.97000122070312,74.16999816894531,74.97000122070312,72.53594970703125,5580600,0.008304337096956044
2019-10-11,76.19000244140625,77.81999969482422,76.01000213623047,76.69999694824219,74.20979309082031,7280800,0.022813826828819776
2019-10-14,76.6500015258789,77.37000274658203,76.27999877929688,76.30000305175781,73.8227767944336,4545300,-0.005228811179235494
2019-10-15,76.87999725341797,77.9800033569336,76.27999877929688,77.81999969482422,75.29342651367188,5222500,0.01972552105875971
2019-10-16,77.48999786376953,78.31999969482422,77.27999877929688,78.2300033569336,75.69011688232422,6218000,0.005254761843988299
2019-10-17,78.69999694824219,79.95999908447266,78.4000015258789,78.97000122070312,76.40608978271484,5916700,0.009414806649692384
2019-10-18,78.62000274658203,79.22000122070312,77.66999816894531,77.68000030517578,75.15796661376953,6107000,-0.016470282115398773
2019-10-21,78.37999725341797,79.08999633789062,78.01000213623047,78.9800033569336,76.415771484375,5119800,0.016596987831358934
2019-10-22,78.93000030517578,79.06999969482422,78.23999786376953,78.47000122070312,75.92232513427734,4944500,-0.0064783279668804
2019-10-23,77.20999908447266,78.12999725341797,76.87000274658203,77.23999786376953,74.73225402832031,5785700,-0.015799000160257533
2019-10-24,78.05999755859375,79.0199966430664,77.58999633789062,78.98999786376953,76.4254379272461,5271200,0.02240381813492034
2019-10-25,79.0,80.2300033569336,78.91000366210938,80.16999816894531,77.56712341308594,6712300,0.014828072142215232
2019-10-28,80.55000305175781,83.12999725341797,80.54000091552734,83.05000305175781,80.35363006591797,9949800,0.03529359927284035
2019-10-29,82.75,82.8499984741211,81.44000244140625,81.66000366210938,79.00875854492188,4993600,-0.01687855535360606
2019-10-30,82.0999984741211,82.25,80.8499984741211,81.44000244140625,78.7958984375,3971000,-0.0026977687552585824
2019-10-31,81.44000244140625,81.47000122070312,79.83999633789062,80.44000244140625,77.82835388183594,5693700,-0.012355134651571608
2019-11-01,81.58999633789062,83.6500015258789,81.25,83.58000183105469,80.86641693115234,8620300,0.03829280902698842
2019-11-04,84.54000091552734,85.87000274658203,84.30999755859375,85.08999633789062,82.32738494873047,8389200,0.017905178164561133
2019-11-05,85.19999694824219,85.73999786376953,84.7300033569336,85.45999908447266,82.68537902832031,7280000,0.004338993331427923
2019-11-06,85.33999633789062,85.61000061035156,84.22000122070312,84.62999725341797,81.88231658935547,9755300,-0.009759738208829898
2019-11-07,89.83000183105469,92.5,88.31999969482422,89.9800033569336,87.05863189697266,30254000,0.061298768629886397
2019-11-08,89.9800033569336,94.11000061035156,89.5999984741211,94.02999877929688,90.97712707519531,16371300,0.04402630258480858
2019-11-11,91.70999908447266,92.5199966430664,90.88999938964844,91.83999633789062,88.85823822021484,11297700,-0.023565853255877525
2019-11-12,92.18000030517578,92.25,90.16999816894531,90.97000122070312,88.0164794921875,9332100,-0.009518206942416051
2019-11-13,90.69999694824219,91.9000015258789,89.62000274658203,90.47000122070312,87.53273010253906,9353200,-0.005511282166684251
2019-11-14,90.30999755859375,90.58000183105469,89.43000030517578,90.4800033569336,87.54239654541016,8793600,0.00011042622748293213
2019-11-15,92.5999984741211,93.94000244140625,90.58000183105469,90.80999755859375,87.8616714477539,25490200,0.0036404543931809435
2019-11-18,90.80999755859375,91.9800033569336,89.27999877929688,90.4800033569336,87.54239654541016,10360500,-0.0036404543931807982
2019-11-19,91.25,91.38999938964844,86.68000030517578,87.95999908447266,85.10420989990234,18091300,-0.028246703573581833
2019-11-20,87.81999969482422,88.36000061035156,85.30999755859375,85.62000274658203,82.8401870727539,13045100,-0.026963209623159585
2019-11-21,84.79000091552734,86.30000305175781,84.55000305175781,85.11000061035156,82.34674072265625,10180400,-0.00597441727895323
2019-11-22,85.29000091552734,85.81999969482422,84.52999877929688,84.88999938964844,82.13388061523438,6166700,-0.0025882711838297605
2019-11-25,85.76000213623047,86.29000091552734,85.08000183105469,85.29000091552734,82.52088928222656,8964100,0.004700858407097988
2019-11-26,85.25,85.55000305175781,84.13999938964844,84.62999725341797,81.88231658935547,11584500,-0.007768411824773907
2019-11-27,85.16000366210938,85.30999755859375,84.47000122070312,84.80000305175781,82.04680633544922,5215000,0.00200684049746078
2019-11-29,84.51000213623047,85.0999984741211,83.41999816894531,83.55000305175781,80.83738708496094,3882400,-0.01485032342701896
2019-12-02,83.9800033569336,84.29000091552734,82.30999755859375,82.44999694824219,79.77310180664062,7668800,-0.013253192414007174
2019-12-03,81.37999725341797,81.38999938964844,79.80999755859375,80.58000183105469,77.96381378173828,11126100,-0.0229415843751101
2019-12-04,80.91999816894531,82.44000244140625,80.44999694824219,82.08000183105469,80.03089141845703,8477400,0.026167909703138904
2019-12-05,82.6500015258789,83.44000244140625,81.77999877929688,82.58999633789062,80.52815246582031,6358300,0.006194140488332073
2019-12-06,83.44999694824219,84.25,83.41999816894531,83.81999969482422,81.72744750976562,6860400,0.014783056918652466
2019-12-09,84.0,85.30000305175781,83.83999633789062,84.91999816894531,82.79998779296875,8382900,0.013038013685628156
2019-12-10,85.04000091552734,85.33000183105469,83.69000244140625,84.12000274658203,82.01996612548828,8082200,-0.009465207002530587
2019-12-11,84.83999633789062,87.0999984741211,84.76000213623047,86.98999786376953,84.81830596923828,9571500,0.03354868481878406
2019-12-12,86.83999633789062,89.2300033569336,86.37000274658203,89.05000305175781,86.82689666748047,12164600,0.02340505132816097
2019-12-13,88.91000366210938,89.69999694824219,87.55999755859375,87.83000183105469,85.63734436035156,12269100,-0.01379498920434542
2019-12-16,89.27999877929688,90.45999908447266,88.3499984741211,88.43000030517578,86.22237396240234,8719100,0.00680824881531531
2019-12-17,89.0,89.04000091552734,87.68000030517578,88.31999969482422,86.1151123046875,7485900,-0.0012447863072426186
2019-12-18,88.54000091552734,88.6500015258789,87.58999633789062,87.9800033569336,85.78359985351562,5860600,-0.0038570720862570983
2019-12-19,88.36000061035156,88.69999694824219,87.62000274658203,88.48999786376953,86.28086853027344,7471400,0.005780043559967533
2019-12-20,88.81999969482422,89.8499984741211,88.18000030517578,88.8499984741211,86.63188171386719,17538000,0.004060009053855984
2019-12-23,89.01000213623047,89.33000183105469,88.25,88.44999694824219,86.24186706542969,7274700,-0.004512140367140412
2019-12-24,88.62000274658203,88.80999755859375,87.9800033569336,88.7699966430664,86.55387878417969,2435200,0.003611339576847401
2019-12-26,88.91999816894531,88.95999908447266,88.0,88.4000015258789,86.19312286376953,5070000,-0.004176702824509924
2019-12-27,88.9000015258789,88.94999694824219,88.08999633789062,88.80000305175781,86.5831298828125,5808900,0.004514598218872337
2019-12-30,88.70999908447266,88.77999877929688,87.30999755859375,88.43000030517578,86.22237396240234,6543100,-0.0041752888243930955
2019-12-31,87.98999786376953,88.7699966430664,87.87999725341797,88.2300033569336,86.02735900878906,5173400,-0.0022643290479765635
2020-01-02,89.05000305175781,89.80999755859375,88.08000183105469,88.69000244140625,86.47586822509766,8413900,0.005200021288286723
2020-01-03,87.26000213623047,87.63999938964844,86.44000244140625,87.0199966430664,84.84756469726562,8340300,-0.01900910496034181
2020-01-06,85.91000366210938,86.55000305175781,85.54000091552734,86.51000213623047,84.35029602050781,8381400,-0.005877971581787706
2020-01-07,87.04000091552734,89.48999786376953,86.91000366210938,88.97000122070312,86.74889373779297,8377400,0.028039348026704488
2020-01-08,88.9000015258789,89.47000122070312,87.91999816894531,88.70999908447266,86.49537658691406,7619900,-0.0029267037964852334
2020-01-09,89.66000366210938,90.72000122070312,88.83000183105469,89.91000366210938,87.66542053222656,9155500,0.013436566300260848
2020-01-10,90.51000213623047,92.38999938964844,89.87000274658203,90.26000213623047,88.00668334960938,9668300,0.0038852298016848804
2020-01-13,91.05000305175781,92.7300033569336,90.55000305175781,90.97000122070312,88.6989517211914,10367800,0.007835312246299754
2020-01-14,91.12999725341797,91.61000061035156,90.29000091552734,90.55999755859375,88.29918670654297,7800100,-0.004517173999249514
2020-01-15,90.75,91.18000030517578,89.25,89.66999816894531,87.43140411376953,7259100,-0.009876364069829224
2020-01-16,90.22000122070312,92.2300033569336,89.81999969482422,91.79000091552734,89.49848937988281,9295500,0.023367213775063532
2020-01-17,93.0,96.16999816894531,92.94999694824219,95.91000366210938,93.51563262939453,23694400,0.04390686951526327
2020-01-21,95.33000183105469,95.72000122070312,93.41999816894531,94.54000091552734,92.1798324584961,10868500,-0.01438724647308922
2020-01-22,95.26000213623047,95.38999938964844,92.70999908447266,92.97000122070312,90.6490249633789,8342300,-0.016746188658060702
2020-01-23,92.8499984741211,92.94999694824219,91.45999908447266,92.0,89.70323944091797,11282000,-0.01048829850422831
2020-01-24,92.68000030517578,93.25,88.83000183105469,89.6500015258789,87.41191101074219,9471700,-0.02587532761775174
2020-01-27,87.30000305175781,88.22000122070312,86.44999694824219,87.05000305175781,84.87682342529297,9240200,-0.029430485659465534
2020-01-28,88.1500015258789,89.54000091552734,87.38999938964844,89.1500015258789,86.92439270019531,9187000,0.023837622085194986
2020-01-29,88.66000366210938,89.0199966430664,87.3499984741211,88.2300033569336,86.02735900878906,8158500,-0.01037331771846919
2020-01-30,87.30999755859375,87.86000061035156,86.19000244140625,87.77999877929688,85.58859252929688,8379400,-0.005113364248211917
2020-01-31,87.05000305175781,87.16999816894531,85.04000091552734,85.30999755859375,83.18024444580078,9503600,-0.028542136355115724
2020-02-03,85.55000305175781,86.58000183105469,85.16000366210938,86.4800033569336,84.32105255126953,7794600,0.013621694466434209
2020-02-04,88.25,88.94999694824219,87.37000274658203,88.93000030517578,86.70987701416016,9236400,0.02793623149605569
2020-02-05,90.98999786376953,91.13999938964844,89.2699966430664,90.91000366210938,88.64045715332031,14220900,0.02202058137143197
2020-02-06,88.05999755859375,90.77999877929688,86.19000244140625,90.61000061035156,88.34793853759766,21059000,-0.0033055148155824465
2020-02-07,89.62000274658203,90.02999877929688,87.37999725341797,87.41999816894531,85.23757934570312,10725100,-0.03584045686149312
2020-02-10,86.77999877929688,88.63999938964844,86.5,88.5999984741211,86.38812255859375,7481300,0.013407787249227893
2020-02-11,89.37000274658203,91.47000122070312,88.9000015258789,90.0,87.75316619873047,9452800,0.015677747758404813
2020-02-12,91.6500015258789,92.44000244140625,91.29000091552734,91.72000122070312,89.43023681640625,9824200,0.018930900687212756
2020-02-13,91.02999877929688,91.37999725341797,89.77999877929688,90.02999877929688,87.78242492675781,8428300,-0.01859753549203262
2020-02-14,90.55000305175781,90.80000305175781,88.79000091552734,89.5999984741211,87.3631591796875,6256500,-0.004787634813143005
2020-02-18,87.83000183105469,89.0,87.52999877929688,88.02999877929688,85.83235168457031,7248100,-0.01767767942822173
2020-02-19,88.91999816894531,90.62000274658203,88.6500015258789,90.55999755859375,88.29918670654297,7820900,0.028334902310405398
2020-02-20,90.80999755859375,91.87999725341797,88.68000030517578,89.47000122070312,87.23640441894531,9754900,-0.012109171333805095
2020-02-21,88.55999755859375,89.02999877929688,86.33000183105469,87.02999877929688,84.85731506347656,12257600,-0.02765052598942298
2020-02-24,83.9000015258789,84.83000183105469,82.70999908447266,83.31999969482422,81.23993682861328,12158500,-0.04356424055065348
2020-02-25,83.94000244140625,84.4000015258789,79.63999938964844,80.22000122070312,78.21732330322266,14725000,-0.037915810487440846
2020-02-26,81.0,82.02999877929688,79.08999633789062,79.66000366210938,77.67131805419922,13125000,-0.007005096420576151
2020-02-27,77.12999725341797,78.19000244140625,75.33000183105469,75.94000244140625,74.04418182373047,17898300,-0.04782408550240527
2020-02-28,73.76000213623047,79.80999755859375,73.33999633789062,78.30000305175781,76.34526824951172,20905500,0.030604088566259083
2020-03-02,79.0199966430664,80.70999908447266,77.12999725341797,80.55999755859375,78.54883575439453,15043400,0.02845448760013511
2020-03-03,80.81999969482422,82.6500015258789,77.83000183105469,78.55999755859375,76.59876251220703,16356200,-0.02513962145523019
2020-03-04,79.12000274658203,81.91000366210938,78.05000305175781,81.80000305175781,80.39234924316406,9894900,0.04833809156700448
2020-03-05,79.45999908447266,81.37000274658203,78.69999694824219,79.16999816894531,77.8075942993164,9396200,-0.03267997346768338
2020-03-06,76.33000183105469,78.08000183105469,75.83000183105469,77.47000122070312,76.13685607910156,11536500,-0.021706580737698728
2020-03-09,72.4000015258789,76.0999984741211,71.83000183105469,72.63999938964844,71.38997650146484,13898500,-0.06437498442747382
2020-03-10,74.80000305175781,79.04000091552734,74.16000366210938,78.88999938964844,77.53241729736328,13615600,0.08253866225222099
2020-03-11,76.29000091552734,77.79000091552734,73.72000122070312,74.62000274658203,73.33590698242188,13376500,-0.05564578432602589
2020-03-12,69.5199966430664,72.52999877929688,67.0,67.0199966430664,65.86668395996094,19386200,-0.10741759308763539
2020-03-13,71.18000030517578,76.66999816894531,67.26000213623047,75.80999755859375,74.50541687011719,15971400,0.1232390732126592
2020-03-16,68.27999877929688,71.16999816894531,64.45999908447266,64.4800033569336,63.37040328979492,16134700,-0.16187490504396704
2020-03-17,65.91000366210938,69.80999755859375,62.20000076293945,68.86000061035156,67.67503356933594,16864500,0.06572040417338458
2020-03-18,63.560001373291016,65.55999755859375,58.0,61.189998626708984,60.13701248168945,18381200,-0.11809183127226093
2020-03-19,61.119998931884766,67.55000305175781,59.040000915527344,65.0,63.881446838378906,17127400,0.06040347214200655
2020-03-20,65.02999877929688,67.9800033569336,60.790000915527344,60.90999984741211,59.86183166503906,16591500,-0.0649898713023868
2020-03-23,61.54999923706055,64.86000061035156,59.11000061035156,62.529998779296875,61.45395278930664,14920300,0.02624905813203066
2020-03-24,66.0,67.62000274658203,62.189998626708984,65.45999908447266,64.33352661132812,18966800,0.045792745316321805
2020-03-25,65.9000015258789,66.95999908447266,62.459999084472656,63.08000183105469,61.99448776245117,15969800,-0.03703543051803972
2020-03-26,64.0,69.66000366210938,63.25,68.9800033569336,67.79296112060547,15820300,0.08941289724131822
2020-03-27,66.5,69.12000274658203,65.93000030517578,66.58999633789062,65.44408416748047,9739100,-0.03526227005743321
2020-03-30,67.19000244140625,69.5,66.05999755859375,69.02999877929688,67.84209442138672,9880800,0.03598676274457868
2020-03-31,69.30000305175781,70.36000061035156,66.66000366210938,67.6500015258789,66.48584747314453,13213900,-0.020193758904134506
2020-04-01,65.0,68.69999694824219,65.0,65.9000015258789,64.7659683227539,14167900,-0.026208819861327667
2020-04-02,65.87000274658203,68.26000213623047,65.30999755859375,68.0199966430664,66.84947967529297,15432900,0.03166323485319965
2020-04-03,67.68000030517578,68.69000244140625,64.55000305175781,65.2300033569336,64.10749053955078,8600700,-0.04188230586094488
2020-04-06,68.5,71.37000274658203,67.6500015258789,70.94999694824219,69.72904968261719,12153100,0.08405579841960995
2020-04-07,73.66000366210938,74.9000015258789,70.86000061035156,72.7300033569336,71.47843170166016,11285600,0.024778737060596998
2020-04-08,73.69999694824219,74.37999725341797,72.41999816894531,73.33000183105469,72.06810760498047,10695600,0.008215861184954144
2020-04-09,74.62000274658203,74.83999633789062,70.0,71.58000183105469,70.34822082519531,15465100,-0.024154117946478877
2020-04-13,71.70999908447266,73.51000213623047,71.44000244140625,73.30000305175781,72.03862762451172,7896500,0.02374497702974046
2020-04-14,75.0,77.66999816894531,74.97000122070312,77.55000305175781,76.21548461914062,11314100,0.0563621823340771
2020-04-15,75.86000061035156,76.33999633789062,74.02999877929688,75.98999786376953,74.68232727050781,9951700,-0.020321170848603576
2020-04-16,76.86000061035156,77.69000244140625,75.37999725341797,76.8499984741211,75.52751922607422,8819700,0.011253601479567686
2020-04-17,77.31999969482422,78.25,75.4800033569336,76.16999816894531,74.85922241210938,9926000,-0.008887767709804982
2020-04-20,75.0199966430664,76.2300033569336,74.0999984741211,74.30999755859375,73.03123474121094,7217700,-0.024722092390257973
2020-04-21,73.30999755859375,73.97000122070312,71.75,71.83999633789062,70.6037368774414,9273800,-0.03380414943023041
2020-04-22,73.79000091552734,75.33999633789062,72.75,74.68000030517578,73.39486694335938,7367900,0.03877092714947556
2020-04-23,75.0,76.16999816894531,73.76000213623047,73.80999755859375,72.53984069824219,7673800,-0.01171806272495236
2020-04-24,73.91999816894531,76.11000061035156,73.66000366210938,76.04000091552734,74.73146057128906,6073800,0.029765224597443317
2020-04-27,76.58999633789062,77.81999969482422,75.48999786376953,75.9800033569336,74.67250061035156,7219500,-0.0007892690867353901
2020-04-28,77.11000061035156,77.77999877929688,75.16000366210938,75.29000091552734,73.99437713623047,6250500,-0.009122787637387799
2020-04-29,77.16999816894531,79.23999786376953,76.83000183105469,78.97000122070312,77.61104583740234,11950200,0.047720654653169665
2020-04-30,80.2699966430664,80.87000274658203,77.27999877929688,78.66999816894531,77.31620788574219,17113500,-0.0038061516035765492
2020-05-01,76.8499984741211,77.58999633789062,74.68000030517578,75.63999938964844,74.3383560180664,9742100,-0.03927655846220069
2020-05-04,75.16000366210938,75.94000244140625,74.08999633789062,75.68000030517578,74.3776626586914,7202400,0.0005286134189180235
2020-05-05,76.75,78.80999755859375,76.55999755859375,77.62999725341797,76.29410552978516,7540800,0.025440017759077935
2020-05-06,78.80999755859375,80.13999938964844,78.5199966430664,78.87000274658203,77.51276397705078,8179700,0.015846937839355427
2020-05-07,79.69999694824219,80.16999816894531,78.26000213623047,78.83000183105469,77.47345733642578,7291800,-0.000507227560419518
2020-05-08,79.69999694824219,81.08999633789062,79.36000061035156,80.55999755859375,79.1736831665039,7892200,0.02170856863487453
2020-05-11,80.29000091552734,81.2699966430664,79.54000091552734,80.4800033569336,79.09506225585938,6604600,-0.0009935115982844913
2020-05-12,81.29000091552734,81.79000091552734,78.4000015258789,78.41999816894531,77.07051086425781,7318100,-0.025929720409863723
2020-05-13,78.86000061035156,79.51000213623047,76.75,78.0,76.6577377319336,9584800,-0.005370179236205486
2020-05-14,77.5,80.0,76.47000122070312,79.87000274658203,78.49555969238281,9956800,0.023691509653789432
2020-05-15,74.66999816894531,77.69999694824219,74.37000274658203,75.7699966430664,74.46611022949219,29597800,-0.0526979331198903
2020-05-18,77.2699966430664,80.18000030517578,77.20999908447266,79.94000244140625,78.5643539428711,13196100,0.05357395874979811
2020-05-19,79.75,80.1500015258789,78.0,78.08999633789062,76.74618530273438,8118400,-0.023414402054090924
2020-05-20,79.95999908447266,81.95999908447266,79.69000244140625,80.62999725341797,79.24247741699219,11379200,0.032008803732823
2020-05-21,79.47000122070312,80.08999633789062,77.87000274658203,78.0,76.6577377319336,8141500,-0.03316193696242942
2020-05-22,78.26000213623047,78.76000213623047,77.29000091552734,78.69999694824219,77.34568786621094,5530400,0.00893427802258472
2020-05-26,80.19000244140625,80.56999969482422,77.77999877929688,78.0199966430664,76.6773910522461,10067300,-0.00867793336658887
2020-05-27,78.2699966430664,79.31999969482422,76.16000366210938,79.29000091552734,77.92554473876953,9125900,0.01614692241853332
2020-05-28,80.23999786376953,81.4800033569336,77.7300033569336,78.11000061035156,76.7658462524414,11161700,-0.014993985195004429
2020-05-29,78.69999694824219,81.19999694824219,77.9000015258789,80.87999725341797,79.48816680908203,10562500,0.03484833442693939
2020-06-01,79.88999938964844,80.4800033569336,79.23999786376953,79.7300033569336,78.35797119140625,6474800,-0.014320463542061833
2020-06-02,79.93000030517578,84.87999725341797,79.91000366210938,84.62999725341797,83.17363739013672,13255300,0.059642737454438405
2020-06-03,84.94999694824219,85.94999694824219,83.62000274658203,84.11000061035156,83.30239868164062,13029300,0.0015469051308336476
2020-06-04,83.94999694824219,86.69999694824219,83.94999694824219,86.04000091552734,85.2138671875,12109000,0.022686836551721618
2020-06-05,88.0,89.4800033569336,87.81999969482422,88.55000305175781,87.69976806640625,11882100,0.02875507374195697
2020-06-08,89.0,91.5,88.33999633789062,91.37000274658203,90.49269104003906,9748300,0.03134983070608256
2020-06-09,90.2300033569336,90.38999938964844,89.05999755859375,89.75,88.88823699951172,7327700,-0.017889268906614124
2020-06-10,90.25,92.13999938964844,90.02999877929688,91.01000213623047,90.13614654541016,9079700,0.013941450136752557
2020-06-11,88.62000274658203,89.05999755859375,83.91000366210938,84.0199966430664,83.2132568359375,15241700,-0.07991459458129643
2020-06-12,86.25,87.13999938964844,83.52999877929688,85.23999786376953,84.42154693603516,10107500,0.014415992365447933
2020-06-15,83.66999816894531,86.56999969482422,83.0999984741211,86.38999938964844,85.56050109863281,9852600,0.013401076419590967
2020-06-16,89.9000015258789,90.44000244140625,87.76000213623047,89.5199966430664,88.66044616699219,12639800,0.035590120751357326
2020-06-17,90.68000030517578,91.08999633789062,89.30000305175781,89.94000244140625,89.076416015625,7618000,0.004680746616034865
2020-06-18,89.8499984741211,90.48999786376953,89.02999877929688,89.91999816894531,89.05661010742188,5709500,-0.00022237210825872035
2020-06-19,89.87000274658203,90.25,87.54000091552734,88.80999755859375,87.95726776123047,23213800,-0.012421133231890539
2020-06-22,88.72000122070312,89.44000244140625,87.61000061035156,89.12999725341797,88.2741928100586,8028000,0.0035966948177301576
2020-06-23,90.13999938964844,90.61000061035156,89.11000061035156,89.3499984741211,88.49208068847656,7778700,0.0024652665291560274
2020-06-24,89.16999816894531,89.83000183105469,87.41999816894531,89.13999938964844,88.28409576416016,8208800,-0.0023530887980292496
2020-06-25,88.69999694824219,89.45999908447266,87.31999969482422,88.95999908447266,88.10582733154297,7062600,-0.002021300198829695
2020-06-26,89.06999969482422,89.7300033569336,87.54000091552734,88.0199966430664,87.17485046386719,9126500,-0.010622798062540502
2020-06-29,88.20999908447266,89.1500015258789,86.68000030517578,89.01000213623047,88.15534973144531,5870400,0.011184718753535704
2020-06-30,89.19999694824219,91.93000030517578,89.0,91.20999908447266,90.33422088623047,9378500,0.02441576151406438
2020-07-01,91.01000213623047,91.30000305175781,89.58000183105469,89.77999877929688,88.9179458618164,6990600,-0.015802369612209384
2020-07-02,91.08999633789062,92.5,90.80000305175781,91.87000274658203,90.98788452148438,8317300,0.023012372666832707
2020-07-06,93.20999908447266,93.75,92.0999984741211,92.91999816894531,92.02780151367188,6933100,0.011364361237956089
2020-07-07,92.97000122070312,93.55000305175781,91.91000366210938,92.13999938964844,91.25529479980469,6722400,-0.008429705782183878
2020-07-08,93.2699966430664,93.5999984741211,92.33999633789062,93.52999877929688,92.63194274902344,6692700,0.014973020279732173
2020-07-09,93.94999694824219,93.94999694824219,91.44000244140625,93.25,92.3546371459961,6287700,-0.002998118143522033
2020-07-10,93.0,93.5199966430664,91.55999755859375,92.51000213623047,91.62174224853516,5686800,-0.007967313812415874
2020-07-13,93.30000305175781,94.12999725341797,91.19999694824219,91.33000183105469,90.45307159423828,7606400,-0.012837434011906707
2020-07-14,90.86000061035156,92.62000274658203,89.19999694824219,92.37999725341797,91.49298858642578,6571000,0.011431171580253944
2020-07-15,92.93000030517578,92.93000030517578,91.01000213623047,92.55000305175781,91.66136169433594,6154100,0.0018385930236774343
2020-07-16,91.26000213623047,91.75,90.68000030517578,91.19999694824219,90.3243179321289,6178700,-0.014694209156618723
2020-07-17,91.68000030517578,92.45999908447266,91.0,92.2300033569336,91.34442901611328,5985700,0.011230570177324567
2020-07-20,92.19000244140625,93.2699966430664,91.30000305175781,93.16999816894531,92.27539825439453,5407500,0.010140268938854094
2020-07-21,93.55000305175781,93.8499984741211,91.80999755859375,92.30999755859375,91.42365264892578,7099700,-0.00927333815911835
2020-07-22,92.73999786376953,93.29000091552734,91.66999816894531,92.5999984741211,91.71087646484375,4366400,0.0031367547432260183
2020-07-23,92.91000366210938,92.97000122070312,89.2300033569336,89.66999816894531,88.80900573730469,9438500,-0.03215292062551771
2020-07-24,89.20999908447266,90.29000091552734,87.51000213623047,88.88999938964844,88.0364990234375,9520000,-0.00873657069816267
2020-07-27,90.0199966430664,92.83999633789062,89.26000213623047,92.69999694824219,91.8099136352539,8021700,0.04196879334684756
2020-07-28,92.16999816894531,92.58999633789062,90.56999969482422,91.44999694824219,90.57191467285156,5818400,-0.013576111047275121
2020-07-29,92.08000183105469,93.62000274658203,91.73999786376953,93.02999877929688,92.13674926757812,11453000,0.017129706106924106
2020-07-30,102.41999816894531,107.69000244140625,100.69999694824219,107.19000244140625,106.1607894897461,42122500,0.1416809482625811
2020-07-31,105.66000366210938,107.75,104.51000213623047,105.61000061035156,104.59595489501953,16770300,-0.01484994803613486
2020-08-03,107.4000015258789,113.0,107.02999877929688,109.58999633789062,108.53773498535156,18899400,0.03699302164845967
2020-08-04,109.48999786376953,111.0199966430664,108.66000366210938,110.94999694824219,109.88467407226562,10205400,0.012333497893718215
2020-08-05,111.0,112.45999908447266,110.08000183105469,111.38999938964844,110.32046508789062,7970400,0.003958050990255523
2020-08-06,111.2300033569336,111.36000061035156,109.93000030517578,111.05999755859375,109.99362182617188,6392200,-0.002967068570848825
2020-08-07,110.01000213623047,111.05000305175781,106.0,108.25,107.21060943603516,11154400,-0.025627168353514678
2020-08-10,108.5999984741211,108.98999786376953,105.72000122070312,106.36000061035156,105.33876037597656,10087100,-0.017613766211061158
2020-08-11,106.19999694824219,112.01000213623047,104.73999786376953,108.83000183105469,107.78504180908203,17803000,0.02295744397034618
2020-08-12,110.38999938964844,116.25,109.6500015258789,115.79000091552734,114.67820739746094,18672300,0.061991119430272
2020-08-13,116.19999694824219,116.19999694824219,112.7699966430664,113.41000366210938,112.3210678100586,9958400,-0.02076856246067269
2020-08-14,113.30000305175781,114.5199966430664,112.56999969482422,113.73999786376953,112.64789581298828,6641000,0.0029055406363103055
2020-08-17,113.29000091552734,114.48999786376953,110.62999725341797,112.18000030517578,111.10287475585938,10283000,-0.013810416023460573
2020-08-18,112.91000366210938,113.37999725341797,111.5199966430664,112.02999877929688,110.95431518554688,6387000,-0.0013380300139424104
2020-08-19,112.33000183105469,113.47000122070312,110.75,111.04000091552734,109.97382354736328,7747600,-0.008876171964797994
2020-08-20,110.0,110.9800033569336,109.66999816894531,110.66000366210938,109.59747314453125,7200300,-0.0034280507248438
2020-08-21,110.2300033569336,113.1500015258789,109.94999694824219,113.0,111.91500091552734,8546900,0.020925343774635504
2020-08-24,114.37000274658203,116.0,113.2699966430664,115.91000366210938,114.79706573486328,10235000,0.02542626098581925
2020-08-25,116.11000061035156,117.0999984741211,114.44000244140625,115.94999694824219,114.836669921875,6208000,0.00034493352896200214
2020-08-26,116.25,116.55000305175781,115.16999816894531,116.04000091552734,114.92581176757812,7487400,0.0007759478355240921
2020-08-27,116.43000030517578,118.18000030517578,115.3499984741211,116.0199966430664,114.90599822998047,8206200,-0.0001724177140401439
2020-08-28,116.70999908447266,118.26000213623047,116.16999816894531,118.19999694824219,117.06507110595703,6280300,0.018615556086634368
2020-08-31,118.33000183105469,121.05999755859375,118.12000274658203,119.0999984741211,117.95642852783203,9694600,0.007585363017002317
2020-09-01,121.08000183105469,122.56999969482422,119.51000213623047,122.01000213623047,120.83849334716797,9101300,0.024139581765569285
2020-09-02,123.26000213623047,123.93000030517578,121.80999755859375,123.18000030517578,122.65066528320312,9167700,0.014885306653531783
2020-09-03,121.30000305175781,121.70999908447266,115.5999984741211,116.43000030517578,115.92967224121094,13560800,-0.05635646146571525
2020-09-04,115.69000244140625,117.81999969482422,112.37999725341797,115.97000122070312,115.47164916992188,11064300,-0.003958695366526156
2020-09-08,111.94000244140625,113.87999725341797,109.62000274658203,109.7699966430664,109.29828643798828,10245200,-0.05494432064234533
2020-09-09,113.4800033569336,115.7699966430664,112.30000305175781,114.0199966430664,113.53002166748047,9708400,0.03798659257232702
2020-09-10,115.1500015258789,115.80999755859375,111.56999969482422,112.44000244140625,111.95681762695312,6166300,-0.013954069982172653
2020-09-11,113.37999725341797,114.8499984741211,112.4000015258789,113.41999816894531,112.93260192871094,6740200,0.008677957613920671
2020-09-14,115.23999786376953,115.43000030517578,112.6500015258789,113.45999908447266,112.9724349975586,5397300,0.0003526532192680826
2020-09-15,114.94000244140625,117.80999755859375,114.79000091552734,116.58000183105469,116.07902526855469,8773700,0.02712736059456367
2020-09-16,118.0,118.0,114.54000091552734,114.55999755859375,114.06770324707031,6340100,-0.017479051229544438
2020-09-17,111.91999816894531,115.69999694824219,111.0,114.87999725341797,114.3863296508789,7418100,0.0027894155017983762
2020-09-18,115.04000091552734,115.43000030517578,109.80000305175781,110.69000244140625,110.21434020996094,15443200,-0.03715455854693274
2020-09-21,109.16000366210938,112.13999938964844,108.30000305175781,111.91999816894531,111.43904876708984,8197600,0.011050776405194555
2020-09-22,112.61000061035156,114.25,110.41999816894531,113.81999969482422,113.33088684082031,6911200,0.016833948405471384
2020-09-23,113.63999938964844,113.93000030517578,110.06999969482422,110.56999969482422,110.0948486328125,6553300,-0.02896948745259965
2020-09-24,109.38999938964844,113.29000091552734,109.23999786376953,112.19000244140625,111.70789337158203,6849000,0.014545114836003107
2020-09-25,113.55000305175781,115.75,111.80000305175781,114.5,114.00796508789062,11718000,0.020380945751919618
2020-09-28,115.95999908447266,118.73999786376953,114.91999816894531,118.47000122070312,117.96090698242188,9043600,0.03408495766985288
2020-09-29,118.13999938964844,119.25,117.19999694824219,117.37999725341797,116.8755874633789,5655700,-0.00924325879478201
2020-09-30,117.5,119.26000213623047,116.91999816894531,117.68000030517578,117.17430114746094,5828000,0.0025525655922873183
2020-10-01,119.93000030517578,120.20999908447266,117.69999694824219,119.5199966430664,119.00638580322266,5316800,0.015514574270581128
2020-10-02,116.77999877929688,118.66000366210938,115.43000030517578,115.47000122070312,114.97380065917969,5834300,-0.03447287183042784
2020-10-05,116.9000015258789,120.6500015258789,116.7300033569336,120.5199966430664,120.00209045410156,5835900,0.04280488102786639
2020-10-06,120.44999694824219,122.5199966430664,119.0999984741211,119.54000091552734,119.02630615234375,7637000,-0.008164634296084093
2020-10-07,121.23999786376953,123.36000061035156,120.6500015258789,123.02999877929688,122.50130462646484,7410300,0.02877715115495464
2020-10-08,124.0,124.43000030517578,121.83999633789062,122.33999633789062,121.81427001953125,4757500,-0.005624172089003661
2020-10-09,123.93000030517578,125.88999938964844,122.79000091552734,124.87000274658203,124.33340454101562,11073400,0.02046919584046025
2020-10-12,127.69999694824219,127.69999694824219,124.94999694824219,126.69000244140625,126.14558410644531,7893800,0.014469965681385054
2020-10-13,127.47000122070312,128.17999267578125,125.4000015258789,127.45999908447266,126.91226959228516,7605700,0.006059387768021572
2020-10-14,129.0800018310547,132.4199981689453,128.92999267578125,129.8800048828125,129.32188415527344,13183600,0.018808465323112568
2020-10-15,127.30000305175781,129.13999938964844,126.6500015258789,128.5800018310547,128.0274658203125,7376600,-0.010059704841487806
2020-10-16,129.6999969482422,130.19000244140625,127.73999786376953,129.02999877929688,128.47552490234375,6625400,0.0034936008854436662
2020-10-19,130.1300048828125,131.9600067138672,127.69999694824219,128.4199981689453,127.8681411743164,5765800,-0.0047388326301751
2020-10-20,129.17999267578125,129.3300018310547,127.51000213623047,128.3000030517578,127.74866485595703,4409800,-0.0009348080739711021
2020-10-21,128.0399932861328,130.4199981689453,126.37000274658203,128.5500030517578,127.99758911132812,4344000,0.0019466508706718663
2020-10-22,129.50999450683594,129.58999633789062,126.86000061035156,128.3800048828125,127.82832336425781,3895100,-0.001323288717177751
2020-10-23,128.58999633789062,129.10000610351562,127.0999984741211,128.8800048828125,128.326171875,3943100,0.0038871005338604386
2020-10-26,127.52999877929688,128.6699981689453,124.4000015258789,126.19999694824219,125.65768432617188,6065900,-0.021013821776475247
2020-10-27,126.51000213623047,126.95999908447266,125.19000244140625,125.91000366210938,125.36893463134766,5825500,-0.0023005514186095802
2020-10-28,123.5,123.81999969482422,121.05000305175781,121.58000183105469,121.05754089355469,8234800,-0.03499489015999779
2020-10-29,122.05999755859375,127.69000244140625,121.88999938964844,126.44000244140625,125.89665985107422,7053300,0.03919543338813169
2020-10-30,123.68000030517578,125.25,121.5999984741211,123.36000061035156,122.82988739013672,7811200,-0.02466104176809315
2020-11-02,124.5,126.16999816894531,122.41000366210938,123.97000122070312,123.43727111816406,5860300,0.004932732105002306
2020-11-03,125.44000244140625,126.91999816894531,124.69000244140625,125.44999694824219,124.91090393066406,5832800,0.011867613746211045
2020-11-04,129.32000732421875,129.57000732421875,126.06999969482422,128.97000122070312,128.41578674316406,12608900,0.027672618803941913
2020-11-05,145.82000732421875,148.8000030517578,141.8300018310547,145.41000366210938,144.78514099121094,27910900,0.11997752381079084
2020-11-06,146.00999450683594,146.22999572753906,143.9600067138672,145.00999450683594,144.38685607910156,7278500,-0.0027546592892688485
2020-11-09,149.41000366210938,149.41000366210938,142.44000244140625,142.61000061035156,141.99716186523438,10666300,-0.016689127395828087
2020-11-10,140.14999389648438,143.1699981689453,138.52999877929688,140.11000061035156,139.50791931152344,12019900,-0.017685701628634542
2020-11-11,144.5,148.08999633789062,144.0,147.69000244140625,147.0553436279297,10222700,0.05268763428167739
2020-11-12,147.57000732421875,148.50999450683594,143.07000732421875,143.91000366210938,143.2915802001953,8580700,-0.025927426535745316
2020-11-13,145.5399932861328,146.25,143.22999572753906,144.25999450683594,143.64007568359375,5899200,0.002429119601228282
2020-11-16,145.1999969482422,149.25,144.5500030517578,149.07000732421875,148.42941284179688,7598500,0.032798814581372675
2020-11-17,149.02000427246094,149.85000610351562,147.17999267578125,148.74000549316406,148.100830078125,7438600,-0.00221618472990688
2020-11-18,149.24000549316406,153.3300018310547,146.91000366210938,147.0500030517578,146.4180908203125,12124500,-0.011427161037045528
2020-11-19,146.55999755859375,149.3000030517578,145.4600067138672,147.52999877929688,146.89602661132812,7743700,0.003258869489016674
2020-11-20,148.27999877929688,149.10000610351562,145.94000244140625,146.02999877929688,145.4024658203125,5551900,-0.0102195107290915
2020-11-23,142.35000610351562,147.0,141.8800048828125,143.82000732421875,143.2019805908203,11649400,-0.015249438457463932
2020-11-24,143.38999938964844,146.3300018310547,141.11000061035156,145.92999267578125,145.30288696289062,10800800,0.01456435398713528
2020-11-25,145.9499969482422,147.49000549316406,144.0399932861328,144.0800018310547,143.46084594726562,6398900,-0.012758291932025288
2020-11-27,145.49000549316406,146.42999267578125,143.6999969482422,143.8300018310547,143.21192932128906,3878000,-0.0017365910543769398
2020-11-30,144.6300048828125,147.2899932861328,144.0500030517578,147.1699981689453,146.53756713867188,8712500,0.022956270191898512
2020-12-01,148.7899932861328,152.38999938964844,147.7899932861328,151.25999450683594,150.6099853515625,11910500,0.027411790398016406
2020-12-02,150.50999450683594,151.49000549316406,149.6199951171875,149.97999572753906,149.97999572753906,7800300,-0.004191693576657727
2020-12-03,151.0399932861328,152.77000427246094,149.63999938964844,149.91000366210938,149.91000366210938,6355300,-0.0004667849334289968
2020-12-04,150.3000030517578,158.08999633789062,150.0,157.6199951171875,157.6199951171875,12759900,0.050151903494178605
2020-12-07,158.5500030517578,158.97000122070312,156.7100067138672,158.02000427246094,158.02000427246094,7009300,0.0025345923849349724
2020-12-08,157.4600067138672,159.2899932861328,155.8699951171875,158.8000030517578,158.8000030517578,6088300,0.004923933698597282
2020-12-09,158.60000610351562,161.07000732421875,155.5500030517578,156.02000427246094,156.02000427246094,7947200,-0.017661336486427624
2020-12-10,154.4199981689453,157.85000610351562,152.72999572753906,155.75,155.75,7522200,-0.0017320738766634551
2020-12-11,149.24000549316406,150.27000427246094,141.88999938964844,144.27999877929688,144.27999877929688,25923100,-0.07649631009287808
2020-12-14,144.89999389648438,147.75,143.3300018310547,146.2899932861328,146.2899932861328,12258500,0.013835059521077265
2020-12-15,149.3699951171875,149.9199981689453,147.10000610351562,148.36000061035156,148.36000061035156,6619800,0.01405084963961827
2020-12-16,149.13999938964844,150.44000244140625,146.7100067138672,149.74000549316406,149.74000549316406,6610900,0.00925873675183901
2020-12-17,150.8699951171875,151.22999572753906,148.3800048828125,149.52999877929688,149.52999877929688,7039000,-0.0014034600550668396
2020-12-18,150.7899932861328,150.7899932861328,146.1199951171875,147.4199981689453,147.4199981689453,13288300,-0.014211390091676194
2020-12-21,145.00999450683594,147.36000061035156,144.41000366210938,146.8000030517578,146.8000030517578,7024600,-0.004214506371520035
2020-12-22,146.61000061035156,147.02999877929688,144.72000122070312,146.33999633789062,146.33999633789062,5751500,-0.0031384805377366732
2020-12-23,147.6300048828125,151.5399932861328,146.8699951171875,146.9600067138672,146.9600067138672,5186700,0.004227830160647069
2020-12-24,147.8000030517578,148.89999389648438,147.1999969482422,148.7899932861328,148.7899932861328,2120200,0.01237538412463091
2020-12-28,150.6199951171875,151.07000732421875,147.44000244140625,147.74000549316406,147.74000549316406,4576600,-0.007081861434614425
2020-12-29,148.97000122070312,148.99000549316406,147.02999877929688,148.49000549316406,148.49000549316406,3543800,0.005063643619581453
2020-12-30,149.1199951171875,151.61000061035156,148.9199981689453,149.9499969482422,149.9499969482422,3965600,0.009784231941717556
2020-12-31,150.32000732421875,152.55999755859375,150.10000610351562,152.33999633789062,152.33999633789062,4940800,0.015812956062406645
